pid,Assembly_No,Poll_No,Year,Candidate,State_Name,Constituency_Name,Party,Last_Party,Votes,Sex,Position,Contested,No_Terms,Turncoat,Incumbent,Vote_Share_Percentage,Margin,Margin_Percentage,Age,Terms,Terms_Contested
1290,11,0,2009,BALIRAM BHAGWAN SIRASKAR,Maharashtra,BALAPUR,IND,,39581,M,1,1,1,FALSE,FALSE,27.84,1590,1.12,44,1,1
6135,3,0,1972,N A SHANKERRAO,Maharashtra,NANDED,CPI,,5603,M,3,4,3,FALSE,FALSE,10,1637,2.92,,3,4
6135,9,0,1999,ASHOKRAO SHANKARRAO CHAVAN,Maharashtra,MUDKHED,INC,CPI,67727,M,1,4,3,TRUE,FALSE,59.02,40534,35.32,,3,4
6135,10,0,2004,ASHOKRAO SHANKARRAO CHAVAN,Maharashtra,MUDKHED,INC,INC,105932,M,1,4,3,FALSE,TRUE,62.15,70454,41.33,45,3,4
6135,11,0,2009,ASHOK SHANKARRAO CHAVAN,Maharashtra,BHOKAR,INC,INC,120849,M,1,4,3,FALSE,TRUE,79.65,107503,70.85,50,3,4
6169,8,1,1996,Anil Anna Gote,Maharashtra,Yavatmal,SJP(M),,4501,"",7,3,2,FALSE,FALSE,4.16,590,0.54,,2,3
6169,9,0,1999,ANIL (ANNA) GOTE,Maharashtra,DHULE,SJP(M),SJP(M),40986,M,1,3,2,FALSE,FALSE,34.64,3676,3.11,,2,3
6169,11,0,2009,ANIL ANNA GOTE,Maharashtra,DHULE CITY,LKSGM,SJP(M),59576,M,1,3,2,TRUE,FALSE,43.67,28741,21.07,61,2,3
AEMH100024,7,0,1990,LAHANE HARIBHAN VITHALRAO,Maharashtra,PATHRI,SHS,,37437,M,1,5,3,FALSE,FALSE,42.83,14717,16.84,,3,5
AEMH100024,8,0,1995,LAHANE HARIBHAU VITHALRAO,Maharashtra,PATHRI,SHS,SHS,42598,M,1,5,3,FALSE,TRUE,39.21,17865,16.45,,3,5
AEMH100024,9,0,1999,LAHANE HARIBHAU VITHALRAO,Maharashtra,PATHRI,SHS,SHS,39242,M,1,5,3,FALSE,TRUE,39.06,6891,6.86,,3,5
AEMH100024,10,0,2004,HARIBHAU VITTHALRAO LAHANE,Maharashtra,P.ATHRI,SHS,SHS,43331,M,2,5,3,FALSE,TRUE,33.27,16699,12.82,45,3,5
AEMH100024,11,0,2009,LAHANE HARIBHAU VITTHALRAO,Maharashtra,JINTUR,SHS,SHS,30576,M,3,5,3,FALSE,FALSE,15.66,27243,13.95,51,3,5
AEMH100036,8,0,1995,A. KADIR A. WAHED DESHMUKH,Maharashtra,PARTUR,INC,,37912,M,1,3,1,FALSE,FALSE,31.95,122,0.1,,1,3
AEMH100036,9,0,1999,A. KADIR A. WAHED DESHMUKH,Maharashtra,PARTUR,INC,INC,32508,M,2,3,1,FALSE,TRUE,30.19,7232,6.72,,1,3
AEMH100036,11,0,2009,ANWAR A. KADIR DESHMUKH,Maharashtra,PARTUR,INC,INC,30161,M,3,3,1,FALSE,FALSE,18.17,7806,4.7,31,1,3
AEMH100150,8,0,1995,R.M. WANI,Maharashtra,VAIJAPUR,ICS,,32695,M,2,4,3,FALSE,FALSE,29.3,12644,11.33,,3,4
AEMH100150,9,0,1999,R. M. WANI,Maharashtra,VAIJAPUR,SHS,ICS,51234,M,1,4,3,TRUE,FALSE,48.6,23175,21.98,,3,4
AEMH100150,10,0,2004,WANI RANGNATH MURLIDHAR,Maharashtra,VAIJAPUR,SHS,SHS,41365,M,1,4,3,FALSE,TRUE,30.46,8952,6.59,47,3,4
AEMH100150,11,0,2009,R.M. WANI,Maharashtra,VAIJAPUR,SHS,SHS,51379,M,1,4,3,FALSE,TRUE,30.48,1225,0.73,55,3,4
AEMH100169,8,0,1995,KAILAS BAHIRUNATH PATIL,Maharashtra,GANGAPUR,INC,,21256,M,3,2,0,FALSE,FALSE,15.12,304,0.22,,,2
AEMH100169,11,0,2009,KAILAS BHAIRUNATH PATIL,Maharashtra,GANGAPUR,SP,INC,4426,M,6,2,0,TRUE,FALSE,2.98,1944,1.31,47,,2
AEMH100252,8,0,1995,BHUMRE SANDIPANRAO ASARAM,Maharashtra,PAITHAN,SHS,,43802,M,1,4,3,FALSE,FALSE,39.05,18233,16.26,,3,4
AEMH100252,9,0,1999,BHUMARE SANDIPANRAO ASARAM,Maharashtra,PAITHAN,SHS,SHS,48266,M,1,4,3,FALSE,TRUE,48.71,21917,22.12,,3,4
AEMH100252,10,0,2004,BHUMARE SANDIPANRAO ASARAM,Maharashtra,P.AITHAN,SHS,SHS,48462,M,1,4,3,FALSE,TRUE,39.68,5126,4.2,42,3,4
AEMH100252,11,0,2009,BHUMRE SANDIPANRAO AASARAM,Maharashtra,PAITHAN,SHS,SHS,50517,M,2,4,3,FALSE,TRUE,31.77,25739,16.19,47,3,4
AEMH100271,8,0,1995,PANDIT BADAMRAO LAHUJI,Maharashtra,GEORAI,IND,,71362,M,1,4,3,FALSE,FALSE,63.07,40267,35.59,,3,4
AEMH100271,9,0,1999,BADAMRAO LAHURAO PANDIT,Maharashtra,GEORAI,IND,IND,68937,M,1,4,3,FALSE,TRUE,55.38,18665,14.99,,3,4
AEMH100271,10,0,2004,PANDIT BADAMRAO LAHURAO,Maharashtra,GEORAI,NCP,IND,63814,M,2,4,3,FALSE,TRUE,40.33,58570,37.01,49,3,4
AEMH100271,11,0,2009,PANDIT BADAMRAO LAHURAO,Maharashtra,GEORAI,NCP,NCP,100816,M,1,4,3,FALSE,FALSE,46.25,2347,1.08,52,3,4
AEMH100547,8,0,1995,PATIL BASAVRAJ MADHAVRAO,Maharashtra,OMERGA,INC,,56410,M,2,4,2,FALSE,FALSE,42.55,51671,38.97,,2,4
AEMH100547,9,0,1999,PATIL BASWARAJ MADHAV,Maharashtra,OMERGA,INC,INC,56245,M,1,4,2,FALSE,FALSE,46.87,13013,10.84,,2,4
AEMH100547,10,0,2004,BASAVRAJ MADHAVRAO PATIL,Maharashtra,OMERGA,INC,INC,61848,M,2,4,2,FALSE,TRUE,41.64,48569,32.7,48,2,4
AEMH100547,11,0,2009,BASAWARAJ MADHAVRAO PATIL,Maharashtra,AUSA,INC,INC,84526,M,1,4,2,FALSE,FALSE,50.89,14795,8.91,53,2,4
AEMH100568,7,0,1990,PATIL SIDRAMAPPA MALAKAPPA,Maharashtra,SOUTH SOLAPUR,IND,,34782,M,2,3,1,FALSE,FALSE,38.22,28780,31.63,,1,3
AEMH100568,8,0,1995,PATIL SIDRAMAPPA MALKAPPA,Maharashtra,AKKALKOT,IND,IND,19937,M,3,3,1,FALSE,FALSE,19.32,6270,6.08,,1,3
AEMH100568,11,0,2009,PATIL SIDRAMAPPA MALKAPPA,Maharashtra,AKKALKOT,BJP,IND,92496,M,1,3,1,FALSE,FALSE,47.26,1385,0.71,68,1,3
AEMH100581,8,1,1998,Mhetre Siddharam Satlingappa,Maharashtra,AKKALKOT,INC,,45282,M,1,3,2,FALSE,FALSE,51.05,2828,3.19,,2,3
AEMH100581,9,0,1999,MHETRE SIDDHARAM SATLINGAPPA,Maharashtra,AKKALKOT,INC,INC,40917,M,1,3,2,FALSE,TRUE,43.65,5799,6.19,,2,3
AEMH100581,11,0,2009,SIDDHARAM SATLINGAPPA MHETRE,Maharashtra,AKKALKOT,INC,INC,91111,M,2,3,2,FALSE,FALSE,46.55,87698,44.81,49,2,3
AEMH100671,8,0,1995,KHANDARE UTTAMPRAKASH BABURAO,Maharashtra,NORTH SOLAPUR,SHS,,74951,M,1,4,3,FALSE,FALSE,43.69,12496,7.28,,3,4
AEMH100671,9,0,1999,KHANDARE UTTAMPRAKASH BABURAO,Maharashtra,NORTH SOLAPUR,SHS,SHS,63274,M,1,4,3,FALSE,TRUE,42.66,27376,18.46,,3,4
AEMH100671,10,0,2004,KHANDARE UTTAMPRAKASH BABURAO,Maharashtra,NORTH SOLAPUR,SHS,SHS,78252,M,1,4,3,FALSE,TRUE,46.81,22266,13.32,47,3,4
AEMH100671,11,0,2009,KHANDHARE UTTAMPRAKASH BABURAO,Maharashtra,MOHOL,SHS,SHS,9666,M,3,4,3,FALSE,TRUE,6.24,5310,3.43,51,3,4
AEMH100714,8,0,1995,SHINDE BABANRAO VITHALRAO,Maharashtra,MADHA,IND,,48896,M,1,4,4,FALSE,FALSE,37.47,20310,15.57,,4,4
AEMH100714,9,0,1999,SHINDE BABANRAO VITTHALRAO,Maharashtra,MADHA,NCP,IND,59997,M,1,4,4,FALSE,TRUE,54.37,35589,32.25,,4,4
AEMH100714,10,0,2004,SHINDE BABANRAO VITHALRAO,Maharashtra,MADHA,NCP,NCP,92851,M,1,4,4,FALSE,TRUE,61.13,42745,28.14,52,4,4
AEMH100714,11,0,2009,SHINDE BABANRAO VITTHALRAO,Maharashtra,MADHA,NCP,NCP,110224,M,1,4,4,FALSE,TRUE,61.26,63169,35.11,59,4,4
AEMH100766,8,0,1995,BHOS BABASAHEB SAHADU,Maharashtra,SHRIGONDA,IND,,46433,M,2,3,0,FALSE,FALSE,30.93,12813,8.53,,,3
AEMH100766,10,0,2004,BABASAHEB SAHADU BHOS,Maharashtra,SHRIGONDA,IND,IND,39190,M,3,3,0,FALSE,FALSE,23.62,28418,17.13,53,,3
AEMH100766,11,0,2009,BABASAHEB SAHADU BHOS,Maharashtra,SHRIGONDA,JSS,IND,10543,M,4,3,0,FALSE,FALSE,5.52,7848,4.11,56,,3
AEMH100804,8,0,1995,KARDILE SHIVAJI BHANUDAS,Maharashtra,AHMEDNAGAR NORTH,IND,,62552,M,1,4,4,FALSE,FALSE,41.33,26714,17.65,,4,4
AEMH100804,9,0,1999,KARDILE SHIVAJI BHANUDAS,Maharashtra,AHMEDNAGAR NORTH,IND,IND,63576,M,1,4,4,FALSE,TRUE,44.05,14014,9.71,,4,4
AEMH100804,10,0,2004,KARDILE SHIVAJI BHANUDAS,Maharashtra,AHMEDNAGAR NORTH,NCP,IND,76436,M,1,4,4,FALSE,TRUE,42.49,31845,17.7,46,4,4
AEMH100804,11,0,2009,KARDILE SHIVAJI BHANUDAS,Maharashtra,RAHURI,BJP,NCP,57380,M,1,4,4,TRUE,TRUE,33.55,8333,4.87,51,4,4
AEMH100885,8,0,1995,VIKHE RADHKRISHNA EKNATH RAO,Maharashtra,SHIRDI,INC,,65516,M,1,5,4,FALSE,FALSE,60.2,30461,27.99,,4,4
AEMH100885,8,1,1997,Vikhe Radhakrishna Eknathrao,Maharashtra,SHIRDI,SHS,INC,58557,M,1,5,4,TRUE,TRUE,56.21,13989,13.43,,4,4
AEMH100885,9,0,1999,RADHAKHRUSHNA EKNATHRAO VIKHE,Maharashtra,SHIRDI,SHS,SHS,50799,M,1,5,4,FALSE,TRUE,48.7,13400,12.85,,4,4
AEMH100885,10,0,2004,VIKHE PATIL RADHAKRISHNA EKNATH RAO,Maharashtra,SHIRDI,INC,SHS,95204,M,1,5,4,TRUE,TRUE,79.71,70967,59.42,46,4,4
AEMH100885,11,0,2009,PATIL VIKHE RADHAKRISHNA EKNATHRAO,Maharashtra,SHIRDI,INC,INC,80301,M,1,5,4,FALSE,TRUE,52.72,13309,8.74,51,4,4
AEMH100937,8,0,1995,ZAWARE PATIL VASANTRAO KRUSHNARAO,Maharashtra,PARNER,INC,,28886,M,1,3,2,FALSE,FALSE,25.75,6562,5.85,,2,3
AEMH100937,9,0,1999,ZAWARE PATIL VASANTRAO. KRU.,Maharashtra,PARNER,NCP,INC,30333,M,1,3,2,TRUE,TRUE,32.41,8537,9.12,,2,3
AEMH100937,11,0,2009,ZAWARE PATIL VASANTRAO KRUSHNARAO,Maharashtra,PARNER,IND,NCP,48515,M,2,3,2,FALSE,FALSE,28.92,25971,15.48,66,2,3
AEMH101119,8,0,1995,GIRISH BAPAT,Maharashtra,KASBA PETH,BJP,,53043,M,1,4,4,FALSE,FALSE,58.31,20760,22.82,,4,4
AEMH101119,9,0,1999,BAPAT GIRISH,Maharashtra,KASBA PETH,BJP,BJP,39419,M,1,4,4,FALSE,TRUE,54.65,20168,27.96,,4,4
AEMH101119,10,0,2004,GIRISH BAPAT,Maharashtra,KASBA PETH,BJP,BJP,38160,M,1,4,4,FALSE,TRUE,55.81,9618,14.07,54,4,4
AEMH101119,11,0,2009,GIRISH BAPAT,Maharashtra,KASBA PETH,BJP,BJP,54982,M,1,4,4,FALSE,TRUE,35.34,8162,5.25,59,4,4
AEMH101183,8,0,1995,PACHARNE BABURAO KASHINATH,Maharashtra,SHIRUR,IND,,36219,M,2,4,1,FALSE,FALSE,30.21,15988,13.34,,1,4
AEMH101183,9,0,1999,PACHRNE BABURAO KASHINATH,Maharashtra,SHIRUR,INC,IND,33930,M,2,4,1,FALSE,FALSE,33.43,9343,9.21,,1,4
AEMH101183,10,0,2004,BABURAO KASHINATH PACHARNE,Maharashtra,SHIRUR,BJP,INC,70601,M,1,4,1,TRUE,FALSE,49.12,9560,6.65,52,1,4
AEMH101183,11,0,2009,BABURAO KASHINATH PACHARNE,Maharashtra,SHIRUR,IND,BJP,46369,M,2,4,1,FALSE,TRUE,25.3,8373,4.57,57,1,4
AEMH101203,8,0,1995,PATIL HARSHWADHAN SHAHATI RAO,Maharashtra,INDAPUR,IND,,59125,M,1,4,4,FALSE,FALSE,39.1,11176,7.39,,4,4
AEMH101203,9,0,1999,PATIL HARSHWARDHAN SHAHAJIRAO,Maharashtra,INDAPUR,IND,IND,64840,M,1,4,4,FALSE,TRUE,49.73,26942,20.66,,4,4
AEMH101203,10,0,2004,PATIL HARSHVARDHAN SHAHAJIRAO,Maharashtra,INDAPUR,IND,IND,94409,M,1,4,4,FALSE,TRUE,55.51,24573,14.45,41,4,4
AEMH101203,11,0,2009,PATIL HARSHAVARDHAN SHAHAJIRAO,Maharashtra,INDAPUR,INC,IND,92729,M,1,4,4,FALSE,TRUE,48.63,7960,4.17,46,4,4
AEMH101210,8,0,1995,PAWAR AJIT ANANTRAO,Maharashtra,BARAMATI,INC,,91493,M,1,4,4,FALSE,FALSE,71.91,77335,60.78,,4,4
AEMH101210,9,0,1999,AJIT ANANTRAO PAWAR,Maharashtra,BARAMATI,NCP,INC,86507,M,1,4,4,TRUE,TRUE,69.72,50366,40.59,,4,4
AEMH101210,10,0,2004,AJIT ANANTRAO PAWAR,Maharashtra,BARAMATI,NCP,NCP,96302,M,1,4,4,FALSE,TRUE,69.07,66157,47.45,45,4,4
AEMH101210,11,0,2009,AJIT ANANTRAO PAWAR,Maharashtra,BARAMATI,NCP,NCP,128544,M,1,4,4,FALSE,TRUE,68.26,102797,54.58,50,4,4
AEMH101275,8,0,1995,BHOSALE MADANRAO PRATAPRAO,Maharashtra,WAI,INC,,41103,M,2,4,1,FALSE,FALSE,36.02,29452,25.81,,1,4
AEMH101275,9,0,1999,MADAN PRATAPRAO BHOSALE,Maharashtra,WAI,INC,INC,41326,M,2,4,1,FALSE,FALSE,40.01,22807,22.08,,1,4
AEMH101275,10,0,2004,MADAN PRATAPRAO BHOSALE,Maharashtra,WAI,IND,INC,68660,M,1,4,1,FALSE,FALSE,53.69,18265,14.28,49,1,4
AEMH101275,11,0,2009,BHOSALE MADAN PRATAPRAO,Maharashtra,WAI,INC,IND,59062,M,2,4,1,FALSE,TRUE,29.73,23610,11.88,50,1,4
AEMH101318,8,0,1995,DESAI SHAMBURAJ SHIVAJIRAO,Maharashtra,PATAN,IND,,58663,M,2,4,1,FALSE,FALSE,49.23,57870,48.57,,1,4
AEMH101318,9,0,1999,DESAI SHAMBHURAJ SHIVAJIRAO,Maharashtra,PATAN,SHS,IND,50773,M,2,4,1,FALSE,FALSE,46.67,46616,42.84,,1,4
AEMH101318,10,0,2004,DESAI SHAMBHURAJ SHIVAJIRAO,Maharashtra,PATAN,SHS,SHS,72214,M,1,4,1,FALSE,FALSE,50.88,5851,4.12,36,1,4
AEMH101318,11,0,2009,DESAI SHAMBHURAJ SHIVAJIRAO,Maharashtra,PATAN,SHS,SHS,87337,M,2,4,1,FALSE,TRUE,47.83,85276,46.7,44,1,4
AEMH101378,8,0,1995,PATIL MADAN VISHWANATH,Maharashtra,SANGLI,IND,,27064,M,3,3,1,FALSE,FALSE,19.29,13422,9.57,,1,3
AEMH101378,10,0,2004,PATIL MADAN VISHWANATH,Maharashtra,SANGLI,IND,IND,66563,M,1,3,1,FALSE,FALSE,45.55,26767,18.32,44,1,3
AEMH101378,11,0,2009,MADAN VISHWANATH PATIL,Maharashtra,SANGLI,INC,IND,66240,M,2,3,1,FALSE,TRUE,38.79,59457,34.82,48,1,3
AEMH101488,8,0,1995,PAWAR PATIL SAMPATRAO SHAMRAO (BAPU),Maharashtra,SANGRUL,PWP,,63236,M,1,4,2,FALSE,FALSE,47.13,3302,2.46,,2,4
AEMH101488,9,0,1999,PAWAR PATIL SAMPATRAO SHAMRAO (BAPU),Maharashtra,SANGRUL,PWPI,PWP,68576,M,1,4,2,TRUE,TRUE,51.7,8605,6.49,,2,4
AEMH101488,10,0,2004,SAMPATBAPU SHAMRAO PAWARPATIL,Maharashtra,SANGRUL,PWPI,PWPI,54442,M,2,4,2,FALSE,TRUE,32.97,47490,28.76,58,2,4
AEMH101488,11,0,2009,PAWAR PATIL SAMPATRAO SHAMRAO,Maharashtra,KARVIR,PWPI,PWPI,23190,M,3,4,2,FALSE,FALSE,10.71,20967,9.68,62,2,4
AEMH101551,7,0,1990,GHATAGE SANJAY ANANDARAO,Maharashtra,KAGAL,JD,,51596,M,2,5,1,FALSE,FALSE,46.66,50811,45.95,,1,5
AEMH101551,8,1,1998,Ghatage Sanjay Anandrao,Maharashtra,KAGAL,SHS,JD,67472,M,1,5,1,TRUE,FALSE,52.43,6766,5.26,,1,5
AEMH101551,9,0,1999,GHATAGE SANJAY ANANDRAO,Maharashtra,KAGAL,INC,SHS,64729,M,2,5,1,TRUE,TRUE,47.96,62443,46.27,,1,5
AEMH101551,10,0,2004,GHATGE SANJAY ANANDRAO,Maharashtra,KAGAL,SHS,INC,78408,M,2,5,1,TRUE,FALSE,48.34,76743,47.32,51,1,5
AEMH101551,11,0,2009,GHATAGE SANJAY ANANDRAO,Maharashtra,KAGAL,SWP,SHS,57271,M,3,5,1,TRUE,FALSE,25.3,55039,24.32,56,1,5
AEMH101577,7,0,1990,NARAYAN TATU RANE,Maharashtra,MALVAN,SHS,,31466,M,1,6,5,FALSE,FALSE,39.26,7415,9.25,,5,5
AEMH101577,8,0,1995,RANE NARAYAN TATU,Maharashtra,MALVAN,SHS,SHS,56101,M,1,6,5,FALSE,TRUE,57.22,21767,22.2,,5,5
AEMH101577,9,0,1999,NARAYAN TATU RANE,Maharashtra,MALVAN,SHS,SHS,41028,M,1,6,5,FALSE,TRUE,61.73,27310,41.09,,5,5
AEMH101577,10,0,2004,RANE NARAYAN TATU,Maharashtra,ALVAN,SHS,SHS,63784,M,1,6,5,FALSE,TRUE,65.88,34145,35.27,52,5,5
AEMH101577,10,1,2005,Rane Narayan Tatu,Maharashtra,Malwan,INC,SHS,78616,M,1,6,5,TRUE,TRUE,83.76,63372,67.52,,5,5
AEMH101577,11,0,2009,NARAYAN TATU RANE,Maharashtra,KUDAL,INC,INC,71921,M,1,6,5,FALSE,TRUE,57.78,24255,19.49,57,5,5
AEMH101613,7,0,1990,KADAM RAMDAS GANGARAM,Maharashtra,KHED,SHS,,39191,M,1,5,4,FALSE,FALSE,46.31,14302,16.9,,4,5
AEMH101613,8,0,1995,KADAM RAMDAS GANGARAM,Maharashtra,KHED,SHS,SHS,67344,M,1,5,4,FALSE,TRUE,67.45,36975,37.04,,4,5
AEMH101613,9,0,1999,KADAM RAMDAS GANGARAM,Maharashtra,KHED,SHS,SHS,54639,M,1,5,4,FALSE,TRUE,63.95,26739,31.29,,4,5
AEMH101613,10,0,2004,KADAM RAMDAS GANGARAM,Maharashtra,KHED,SHS,SHS,52881,M,1,5,4,FALSE,TRUE,57.1,25421,27.45,52,4,5
AEMH101613,11,0,2009,KADAM RAMDAS GANGARAM,Maharashtra,GUHAGAR,SHS,SHS,40032,M,2,5,4,FALSE,TRUE,28.17,10426,7.34,56,4,5
AEMH101685,7,0,1990,PATEL BASHIR MUSA,Maharashtra,UMARKHADI,MUL,,34886,M,1,5,4,FALSE,FALSE,48.92,12325,17.28,,4,5
AEMH101685,8,0,1995,PATEL BASHIR MOOSA,Maharashtra,UMARKHADI,SP,MUL,20950,M,1,5,4,TRUE,TRUE,34.1,1606,2.61,,4,5
AEMH101685,9,0,1999,PATEL BASHIR MOOSA,Maharashtra,UMARKHADI,SP,SP,17980,M,1,5,4,FALSE,TRUE,38.58,1788,3.84,,4,5
AEMH101685,10,0,2004,PATEL BASHIR MOOSA,Maharashtra,UMARKHADI,NCP,SP,25180,M,1,5,4,TRUE,TRUE,61.05,16413,39.79,52,4,5
AEMH101685,11,0,2009,BASHIR MOOSA PATEL,Maharashtra,MUMBA DEVI,SP,NCP,19936,M,3,5,4,TRUE,TRUE,20.62,18671,19.31,57,4,5
AEMH101794,7,0,1990,KALIDAS N. KOLAMBKAR,Maharashtra,NAIGAUM,SHS,,44415,M,1,6,5,FALSE,FALSE,48.49,6978,7.62,,5,5
AEMH101794,8,0,1995,KALIDAS NILKANTH KOLAMBKAR,Maharashtra,NAIGAUM,SHS,SHS,57383,M,1,6,5,FALSE,TRUE,60.25,31435,33.01,,5,5
AEMH101794,9,0,1999,KOLAMBKAR KALIDAS NILKANTH,Maharashtra,NAIGAUM,SHS,SHS,44733,M,1,6,5,FALSE,TRUE,61.61,31430,43.29,,5,5
AEMH101794,10,0,2004,KOLAMBKAR KALIDAS NILKANTH,Maharashtra,NAIGAUM,SHS,SHS,46353,M,1,6,5,FALSE,TRUE,56.66,21858,26.72,51,5,5
AEMH101794,10,1,2006,Kalidas Nilkanth Kolambkar,Maharashtra,Naigaon,INC,SHS,44694,M,1,6,5,TRUE,TRUE,59.56,22411,29.87,,5,5
AEMH101794,11,0,2009,KALIDAS NILKANTH KOLAMBKAR,Maharashtra,WADALA,INC,INC,55795,M,1,6,5,FALSE,TRUE,49.7,30030,26.75,56,5,5
AEMH101916,7,0,1990,SUBHASH DESAI,Maharashtra,GOREGAON,SHS,,47021,M,1,3,3,FALSE,FALSE,41.39,595,0.52,,3,3
AEMH101916,10,0,2004,SUBHASH DESAI,Maharashtra,GOREGAON,SHS,SHS,66050,M,1,3,3,FALSE,FALSE,50.04,9139,6.92,62,3,3
AEMH101916,11,0,2009,SUBHASH DESAI,Maharashtra,GOREGAON,SHS,SHS,69117,M,1,3,3,FALSE,TRUE,47.44,24815,17.03,67,3,3
AEMH102066,7,0,1990,KALANI SURESH (PAPPU) BUDHARMAL,Maharashtra,ULHASNAGAR,INC,,88804,M,1,5,4,FALSE,FALSE,69.02,54255,42.17,,4,5
AEMH102066,8,0,1995,KALANI SURESH (PAPPU) BUDHARMAL,Maharashtra,ULHASNAGAR,IND,INC,90479,M,1,5,4,FALSE,TRUE,55.84,55334,34.15,,4,5
AEMH102066,9,0,1999,KALANI SURESH( PAPPU) BUDHARMAL,Maharashtra,ULHASNAGAR,NVPP,IND,63931,M,1,5,4,FALSE,TRUE,64.08,34313,34.39,,4,5
AEMH102066,10,0,2004,SURESH(PAPPU) BUDHARMAL KALANI,Maharashtra,ULHASNAGAR,RPI(A),NVPP,77668,M,1,5,4,TRUE,TRUE,53.11,22271,15.23,52,4,5
AEMH102066,11,0,2009,KALANI SURESH (PAPPU) BUDHARMAL,Maharashtra,ULHAS NAGAR,IND,RPI(A),37719,M,2,5,4,FALSE,TRUE,35.32,27689,25.93,57,4,5
AEMH102110,7,0,1990,DIGAMBAR NARAYAN VISHE,Maharashtra,MURBAD,BJP,,39700,M,2,5,1,FALSE,FALSE,42.06,37812,40.06,,1,5
AEMH102110,8,0,1995,VISHE DIGAMBAR NARAYAN,Maharashtra,MURBAD,BJP,BJP,58941,M,1,5,1,FALSE,FALSE,49.75,7470,6.3,,1,5
AEMH102110,9,0,1999,DIGAMBAR NARAYAN VISHE,Maharashtra,MURBAD,BJP,BJP,31035,M,2,5,1,FALSE,TRUE,30.43,10056,9.86,,1,5
AEMH102110,10,0,2004,DIGAMBAR NARAYAN VISHE(SIR),Maharashtra,MURBAD,IND,BJP,20782,M,3,5,1,FALSE,FALSE,14.5,16411,11.45,53,1,5
AEMH102110,11,0,2009,DIGAMBAR NARAYAN VISHE,Maharashtra,MURBAD,BJP,IND,25258,M,4,5,1,FALSE,FALSE,14.15,20592,11.53,57,1,5
AEMH102289,7,0,1990,KOTWAL SHIRISKUMAR VASANTRAO,Maharashtra,CHANDWAD,INC,,29264,M,2,5,2,FALSE,FALSE,34.26,21344,24.99,,2,5
AEMH102289,8,0,1995,KOTWAL SHIRISHKUMAR VASANTRAO,Maharashtra,CHANDWAD,INC,INC,43683,M,2,5,2,FALSE,FALSE,37.46,36758,31.52,,2,5
AEMH102289,9,0,1999,KOTWAL SHIRISHKUMAR VASANTRAO,Maharashtra,CHANDWAD,NCP,INC,61333,M,1,5,2,TRUE,FALSE,58.74,21864,20.94,,2,5
AEMH102289,10,0,2004,KOTWAL SHIRISHKUMAR VASANTRAO,Maharashtra,CHANDWAD,SHS,NCP,42485,M,2,5,2,TRUE,TRUE,32.08,10963,8.28,44,2,5
AEMH102289,11,0,2009,KOTWAL SHIRISHKUMAR VASANTRAO,Maharashtra,CHANDVAD,IND,SHS,57655,M,1,5,2,FALSE,FALSE,36.47,18310,11.58,49,2,5
AEMH102615,7,0,1990,JAWANJAL PRAKASH RUSTUMARAO,Maharashtra,CHIKHLI,BJP,,44797,M,2,2,0,FALSE,FALSE,38.85,36965,32.05,,,2
AEMH102615,11,0,2009,PRAKASH RUSTUMRAO JAVANJAL,Maharashtra,CHIKHLI,BJP,BJP,48549,M,2,2,0,FALSE,FALSE,31.03,26697,17.06,52,,2
AEMH102852,7,0,1990,GAWANDE GULABRAO RAMRAO,Maharashtra,KARANJA,SHS,,35297,M,1,4,3,FALSE,FALSE,40.87,10290,11.91,,3,4
AEMH102852,8,0,1995,GULABRAO RAMRAO GAWANDE,Maharashtra,BORGAON MANJU,SHS,SHS,52716,M,1,4,3,FALSE,TRUE,34.11,9055,5.86,,3,4
AEMH102852,10,0,2004,GULABRAO RAMRAOJI GAWANDE,Maharashtra,AKOT,SHS,SHS,52000,M,1,4,3,FALSE,FALSE,36.35,20111,14.06,50,3,4
AEMH102852,11,0,2009,GULABRAO RAMRAO GAWANDE,Maharashtra,AKOLA EAST,SHS,SHS,34194,M,2,4,3,FALSE,TRUE,23.1,4683,3.16,55,3,4
AEMH103150,7,0,1990,SHINDE ASHOK SHAMRAO,Maharashtra,HINGANGHAT,SHS,,23847,M,3,5,3,FALSE,FALSE,20.1,17918,15.1,,3,5
AEMH103150,8,0,1995,SHINDE ASHOK SHAMRAOJI,Maharashtra,HINGANGHAT,SHS,SHS,43964,M,1,5,3,FALSE,FALSE,28.41,3993,2.58,,3,5
AEMH103150,9,0,1999,SHINDE ASHOK SHAMRAO,Maharashtra,HINGANGHAT,SHS,SHS,54108,M,1,5,3,FALSE,TRUE,43.19,12418,9.91,,3,5
AEMH103150,10,0,2004,SHINDE ASHOK SHAMRAO,Maharashtra,HINGANGHAT,SHS,SHS,56258,M,2,5,3,FALSE,TRUE,35.46,45492,28.67,42,3,5
AEMH103150,11,0,2009,ASHOK SHAMRAOJI SHINDE,Maharashtra,HINGANGHAT,SHS,SHS,51285,M,1,5,3,FALSE,FALSE,31.01,1421,0.86,47,3,5
AEMH103223,7,0,1990,SATISH JHAULAL CHATURVEDI,Maharashtra,NAGPUR EAST,INC,,80333,M,1,5,4,FALSE,FALSE,60.34,38871,29.2,,4,5
AEMH103223,8,0,1995,CHATURVEDI SATISH ZAOOLAL,Maharashtra,NAGPUR EAST,INC,INC,69249,M,1,5,4,FALSE,TRUE,32.88,3330,1.58,,4,5
AEMH103223,9,0,1999,CHATURVEDI SATISH ZAULAL,Maharashtra,NAGPUR EAST,INC,INC,73604,M,1,5,4,FALSE,TRUE,42.57,10614,6.14,,4,5
AEMH103223,10,0,2004,CHATURVEDI SATISH JHAULAL,Maharashtra,NAGPUR EAST,INC,INC,96246,M,1,5,4,FALSE,TRUE,46.47,11831,5.71,58,4,5
AEMH103223,11,0,2009,CHATURVEDI SATISH ZAULAL,Maharashtra,NAGPUR EAST,INC,INC,53598,M,2,5,4,FALSE,TRUE,33.28,48346,30.02,63,4,5
AEMH103438,7,0,1990,KUKADE MADHUKAR YASHWANTRAOJI,Maharashtra,TUMSAR,SHS,,11755,M,4,5,3,FALSE,FALSE,12.51,4691,4.99,,3,5
AEMH103438,8,0,1995,KUKADE MADHUKAR YASHWANTRAO,Maharashtra,TUMSAR,BJP,SHS,39795,M,1,5,3,TRUE,FALSE,34.49,10365,8.98,,3,5
AEMH103438,9,0,1999,KUKDE MADHUKARRAO YASHWANTRAO,Maharashtra,TUMSAR,BJP,BJP,31910,M,1,5,3,FALSE,TRUE,32.88,6191,6.38,,3,5
AEMH103438,10,0,2004,KUKDE MADHUKAR YASHAWANTRAO,Maharashtra,TUMSAR,BJP,BJP,29725,M,1,5,3,FALSE,TRUE,25.36,4201,3.58,53,3,5
AEMH103438,11,0,2009,KUKADE MADHUKAR YASWANTRAO,Maharashtra,TUMSAR,BJP,BJP,59940,M,2,5,3,FALSE,TRUE,33.56,23115,12.94,58,3,5
AEMH103641,7,0,1990,ATRAM DHARMARAO BHAGWANTRAO,Maharashtra,SIRONCHA,INC,,26377,M,1,5,3,FALSE,FALSE,36.09,3680,5.04,,3,5
AEMH103641,8,0,1995,ATRAM DHARMARAO BABA BHAGWANTRAO,Maharashtra,SIRONCHA,INC,INC,38257,M,2,5,3,FALSE,TRUE,28.79,33569,25.26,,3,5
AEMH103641,9,0,1999,ATRAM DHARMARAOBABA BHAGWANTRAO,Maharashtra,SIRONCHA,GGP,INC,27982,M,1,5,3,TRUE,FALSE,25.14,375,0.34,,3,5
AEMH103641,10,0,2004,ATRAM DHARMRAOBABA BHAGWANTRAO,Maharashtra,SIRONCHA,NCP,GGP,42198,M,1,5,3,TRUE,TRUE,30.61,7367,5.34,51,3,5
AEMH103641,11,0,2009,ATRAM DHARMARAOBABA BHAGWANTRAO,Maharashtra,AHERI,NCP,NCP,36697,M,2,5,3,FALSE,TRUE,28.83,28661,22.52,56,3,5
AEMH103760,7,0,1990,KASAWAR WAMAN BAPURAO,Maharashtra,WANI,INC,,47142,M,1,5,4,FALSE,FALSE,50.8,27467,29.6,,4,5
AEMH103760,8,0,1995,KASAWAR WAMANRAO BAPURAO,Maharashtra,WANI,INC,INC,42881,M,1,5,4,FALSE,TRUE,33.02,13678,10.53,,4,5
AEMH103760,9,0,1999,KASAWAR WAMANRAO BAPURAO,Maharashtra,WANI,INC,INC,38725,M,1,5,4,FALSE,TRUE,39.28,11523,11.69,,4,5
AEMH103760,10,0,2004,KASAWAR WAMANRAO BAPURAO,Maharashtra,WANI,INC,INC,47860,M,2,5,4,FALSE,TRUE,35.05,36463,26.7,55,4,5
AEMH103760,11,0,2009,KASAWAR WAMANRAO BAPURAO,Maharashtra,WANI,INC,INC,55666,M,1,5,4,FALSE,FALSE,31.94,10440,5.99,60,4,5
AEMH104066,7,0,1990,RENGE TUKARAM GANPATRAO,Maharashtra,SINGNAPUR,SHS,,37882,M,2,4,2,FALSE,FALSE,38.68,36636,37.41,,2,4
AEMH104066,8,0,1995,RENGE TUKARAM GANPATRAO,Maharashtra,PARBHANI,SHS,SHS,57212,M,1,4,2,FALSE,FALSE,37.63,19354,12.73,,2,4
AEMH104066,9,0,1999,RENGE TUKARAM GANPATRAO,Maharashtra,PARBHANI,SHS,SHS,58257,M,1,4,2,FALSE,TRUE,42.14,7279,5.27,,2,4
AEMH104066,11,0,2009,ADV. TUKARAM GANPATRAO RENGE PATIL,Maharashtra,PARBHANI,INC,SHS,30726,M,3,4,2,TRUE,FALSE,18.89,18075,11.11,50,2,4
AEMH104082,7,0,1990,JAIPRAKASH SHANKARLAL MUNDADA,Maharashtra,BASMATH,SHS,,54498,M,1,5,3,FALSE,FALSE,49.77,22539,20.58,,3,5
AEMH104082,8,0,1995,MUNDADA JAIPRAKASH SHANKARLAL,Maharashtra,BASMATH,SHS,SHS,53518,M,1,5,3,FALSE,TRUE,36.52,28065,19.15,,3,5
AEMH104082,9,0,1999,DR. MUNDADA J.S.,Maharashtra,BASMATH,SHS,SHS,69481,M,1,5,3,FALSE,TRUE,51.08,26150,19.22,,3,5
AEMH104082,10,0,2004,DR JAYPRAKASH SHANKARLAL MUNDADA,Maharashtra,BASMATH,SHS,SHS,80627,M,2,5,3,FALSE,TRUE,46.29,76044,43.66,54,3,5
AEMH104082,11,0,2009,MUNDADA JAIPRAKASH SHANKARLAL,Maharashtra,BASMATH,SHS,SHS,78513,M,2,5,3,FALSE,FALSE,44.03,69454,38.95,59,3,5
AEMH104125,7,0,1990,KADAM RAMPRASAD WAMANRAO BORDIKAR,Maharashtra,JINTUR,INC,,42149,M,1,5,4,FALSE,FALSE,42.33,8974,9.01,,4,5
AEMH104125,8,0,1995,KADAM RAMPRASADJI WAMANRAO,Maharashtra,JINTUR,INC,INC,49690,M,1,5,4,FALSE,TRUE,40.89,8376,6.89,,4,5
AEMH104125,9,0,1999,KADAM RAMPRASADJI WAMANRAO,Maharashtra,JINTUR,NCP,INC,43004,M,2,5,4,TRUE,TRUE,38.05,19832,17.55,,4,5
AEMH104125,10,0,2004,KADAM RAMPRASAD WAMANRAO BORDIKAR,Maharashtra,JINTUR,IND,NCP,65451,M,1,5,4,FALSE,FALSE,44.99,35993,24.74,47,4,5
AEMH104125,11,0,2009,KADAM RAMPRASAD WAMANRAO-BORDIKAR,Maharashtra,JINTUR,INC,IND,76427,M,1,5,4,FALSE,TRUE,39.13,1225,0.63,53,4,5
AEMH104147,7,0,1990,YADAV DIGAMBAR DATTATRAYRAO,Maharashtra,PARTUR,BJP,,28296,M,2,5,2,FALSE,FALSE,29.17,10207,10.52,,2,5
AEMH104147,8,0,1995,YADAV BABANRAO DATTATRAY,Maharashtra,PARTUR,BJP,BJP,37790,M,2,5,2,FALSE,FALSE,31.85,9007,7.59,,2,5
AEMH104147,9,0,1999,BABANRAO DATTATRAYA YADAV,Maharashtra,PARTUR,BJP,BJP,48572,M,1,5,2,FALSE,FALSE,45.11,16064,14.92,,2,5
AEMH104147,10,0,2004,BABANRAO DATTATRAYA LONIKAR,Maharashtra,P.ARTUR,BJP,BJP,41515,M,1,5,2,FALSE,TRUE,30.43,13405,9.83,44,2,5
AEMH104147,11,0,2009,BABANRAO DATTARAO LONIKAR,Maharashtra,PARTUR,BJP,BJP,31200,M,2,5,2,FALSE,TRUE,18.79,1039,0.63,46,2,5
AEMH104165,7,0,1990,KHOTKAR ARJUNRAO PANDITRAO,Maharashtra,JALNA,SHS,,57226,M,1,5,3,FALSE,FALSE,50.49,26660,23.52,,3,5
AEMH104165,8,0,1995,ARJUN PANDITRAO KHOTKAR,Maharashtra,JALNA,SHS,SHS,79387,M,1,5,3,FALSE,TRUE,53.24,41844,28.06,,3,5
AEMH104165,9,0,1999,ARJUN PANDITRAO KHOTKAR,Maharashtra,JALNA,SHS,SHS,61117,M,2,5,3,FALSE,TRUE,45.2,55279,40.88,,3,5
AEMH104165,10,0,2004,ARJUN PANDITRAO KHOTKAR,Maharashtra,JALNA,SHS,SHS,86696,M,1,5,3,FALSE,FALSE,51.5,16674,9.9,42,3,5
AEMH104165,11,0,2009,ARJUN PANDITRAO KHOTKAR,Maharashtra,GHANSAWANGI,SHS,SHS,80899,M,2,5,3,FALSE,TRUE,42.09,78734,40.96,47,3,5
AEMH104424,7,0,1990,MUNDE TRIMBAK PATLOBA,Maharashtra,CHAUSALA,BJP,,4068,M,5,4,0,FALSE,FALSE,3.86,2631,2.49,,,4
AEMH104424,9,0,1999,MUNDE TRIMBAK PATLOBA ALIAS PROF. T.P. MUNDE,Maharashtra,RENAPUR,NCP,BJP,39254,M,2,4,0,TRUE,FALSE,28.13,10353,7.42,,,4
AEMH104424,10,0,2004,MUNDE TRIMBAK PATLOBA,Maharashtra,RENAPUR,SP,NCP,8760,M,3,4,0,TRUE,FALSE,5.34,6239,3.8,43,,4
AEMH104424,11,0,2009,MUNDE TRIMBAK PATLOBA,Maharashtra,PARLI,INC,SP,60160,M,2,4,0,TRUE,FALSE,35.99,56498,33.8,50,,4
AEMH104743,7,0,1990,PATIL SHAHAJI RAJARAM,Maharashtra,SANGOLE,INC,,56023,M,2,5,1,FALSE,FALSE,42.9,54460,41.71,,1,5
AEMH104743,8,0,1995,PATIL SHAHAJIBAPU RAJARAM,Maharashtra,SANGOLE,INC,INC,73910,M,1,5,1,FALSE,FALSE,48.26,192,0.13,,1,5
AEMH104743,9,0,1999,PATIL SHAHAJIBAPU RAJARAM,Maharashtra,SANGOLE,IND,INC,53485,M,2,5,1,FALSE,TRUE,34.47,49340,31.8,,1,5
AEMH104743,10,0,2004,PATIL SHAHAJIBAPU RAJARAM,Maharashtra,SANGOLE,INC,IND,79404,M,2,5,1,FALSE,FALSE,41.8,75636,39.81,55,1,5
AEMH104743,11,0,2009,ADV. SHAHAJIBAPU RAJARAM PATIL,Maharashtra,SANGOLE,INC,INC,76744,M,2,5,1,FALSE,FALSE,41.82,62747,34.19,52,1,5
AEMH104756,7,0,1990,PATIL RAMRAO SAHEBRAO,Maharashtra,KARMALA,JD,,9803,M,4,6,5,FALSE,FALSE,12.08,9532,11.74,,5,5
AEMH104756,7,0,1990,PATIL RAOSAHEB RAMRAO ALIAS R. R.,Maharashtra,TASGAON,INC,JD,56254,M,1,6,5,TRUE,FALSE,57.93,32555,33.52,,5,5
AEMH104756,8,0,1995,PATIL RAVASAHEB RAMRAO,Maharashtra,TASGAON,INC,INC,79505,M,1,6,5,FALSE,TRUE,66.25,49845,41.54,,5,5
AEMH104756,9,0,1999,R.R.PATIL ALIAS RAOSAHEB RAMRAO (ABA),Maharashtra,TASGAON,NCP,INC,55166,M,1,6,5,TRUE,TRUE,48.67,3497,3.09,,5,5
AEMH104756,10,0,2004,PATIL RAVSAHEB RAMARAO ALIAS R R (ABA),Maharashtra,TASGAON,NCP,NCP,70483,M,1,6,5,FALSE,TRUE,50.36,6304,4.5,47,5,5
AEMH104756,11,0,2009,R.R. ABA ALIAS RAOSAHEB RAMRAO PATIL,Maharashtra,TASGAON - KAVATHE MAHANKAL,NCP,NCP,99109,M,1,6,5,FALSE,TRUE,62.51,65173,41.11,52,5,5
AEMH104762,7,0,1990,LOKHANDE SADASHIV KISAN,Maharashtra,KARJAT,BJP,,22015,M,2,5,3,FALSE,FALSE,26.31,5054,6.04,,3,5
AEMH104762,8,0,1995,LOKHANDE SADASHIV KISAN,Maharashtra,KARJAT,BJP,BJP,64269,M,1,5,3,FALSE,FALSE,54.58,25435,21.6,,3,5
AEMH104762,9,0,1999,LOKHANDE SADASHIV KISAN,Maharashtra,KARJAT,BJP,BJP,55440,M,1,5,3,FALSE,TRUE,56.32,38237,38.84,,3,5
AEMH104762,10,0,2004,SADASHIV KISAN LOKHANDE,Maharashtra,KARJAT,BJP,BJP,56524,M,1,5,3,FALSE,TRUE,47.76,6473,5.47,42,3,5
AEMH104762,11,0,2009,LOKHANDE SADASHIV KISAN,Maharashtra,KURLA,MNS,BJP,33967,M,3,5,3,TRUE,TRUE,28.03,28951,23.89,47,3,5
AEMH104870,7,0,1990,GAIKWAD SABAJI MAHADU,Maharashtra,PARNER,SHS,,27350,M,2,5,0,FALSE,FALSE,32.27,6380,7.53,,,5
AEMH104870,8,0,1995,SABAJIRAO MAHADU GAIKAWAD,Maharashtra,PARNER,SHS,SHS,20182,M,4,5,0,FALSE,FALSE,17.99,9308,8.3,,,5
AEMH104870,9,0,1999,GAIKWAD SABAJIRAO MAHADU,Maharashtra,PARNER,SHS,SHS,21796,M,2,5,0,FALSE,FALSE,23.29,3157,3.37,,,5
AEMH104870,10,0,2004,SABAJIRAO MAHADU GAIKWAD,Maharashtra,P.ARNER,IND,SHS,1421,M,5,5,0,FALSE,FALSE,1.19,35,0.03,58,,5
AEMH104870,11,0,2009,GAIKWAD SABAJIRAO MAHADU,Maharashtra,PARNER,MNS,IND,6326,M,4,5,0,FALSE,FALSE,3.77,3115,1.86,62,,5
AEMH105223,7,0,1990,PAWAR SAMBHAJI HARI,Maharashtra,SANGLI,JD,,60856,M,1,5,3,FALSE,FALSE,53.11,10013,8.74,,3,5
AEMH105223,8,0,1995,PAWAR SAMBHAJI HARI,Maharashtra,SANGLI,JD,JD,51283,M,1,5,3,FALSE,TRUE,36.55,11767,8.39,,3,5
AEMH105223,9,0,1999,PAWAR SAMBHAJI HARI,Maharashtra,SANGLI,JD(S),JD,33415,M,2,5,3,TRUE,TRUE,30.51,16040,14.65,,3,5
AEMH105223,10,0,2004,PAWAR SAMBHAJI HARI,Maharashtra,SANGLI,BJP,JD(S),39796,M,2,5,3,TRUE,FALSE,27.23,3244,2.22,51,3,5
AEMH105223,11,0,2009,SAMBHAJI HARI PAWAR,Maharashtra,SANGLI,BJP,BJP,77404,M,1,5,3,FALSE,FALSE,45.33,11164,6.54,57,3,5
AEMH105244,7,0,1990,BABAR ANIL KALAJERAO,Maharashtra,KHANAPUR ATPADI,INC,,60383,M,1,5,2,FALSE,FALSE,55.21,25267,23.1,,2,5
AEMH105244,8,0,1995,BABAR ANILRAO KALEGERAO,Maharashtra,KHANAPUR ATPADI,INC,INC,53708,M,2,5,2,FALSE,TRUE,39.24,49406,36.09,,2,5
AEMH105244,9,0,1999,BABAR ANILRAO KALJERAO,Maharashtra,KHANAPUR ATPADI,NCP,INC,52240,M,1,5,2,TRUE,FALSE,49.39,21916,20.72,,2,5
AEMH105244,10,0,2004,ANILBHAU KALJERAO BABAR,Maharashtra,KHANAPUR ATPADI,NCP,NCP,54726,M,2,5,2,FALSE,TRUE,34.93,42107,26.87,40,2,5
AEMH105244,11,0,2009,BABAR ANILRAO KALJERAO,Maharashtra,KHANAPUR,IND,NCP,74976,M,2,5,2,FALSE,FALSE,40.75,55952,30.41,59,2,5
AEMH105346,7,0,1990,KRISHNARAO RAKHAMAJIRAO DESAI ALIAS BABASAHEB,Maharashtra,GADHINGLAJ,INC,,45227,M,2,5,4,FALSE,FALSE,43.8,36344,35.19,,4,5
AEMH105346,8,0,1995,DESAI KRISHNARAO RAKHAMAJIRAO ALIAS BABASAHEB,Maharashtra,GADHINGLAJ,INC,INC,54761,M,1,5,4,FALSE,FALSE,42.56,11377,8.84,,4,5
AEMH105346,9,0,1999,DESAI KRISHNARAO RAKHMAJIRAO ALIAS BABASAHEB,Maharashtra,GADHINGLAJ,NCP,INC,54645,M,1,5,4,TRUE,TRUE,48.22,20113,17.75,,4,5
AEMH105346,10,0,2004,DESAI KRISHNARAO RAKHAMAJIRAO ALIAS BABASAHEB KUPEKAR,Maharashtra,GADHINGLAJ,NCP,NCP,74503,M,1,5,4,FALSE,TRUE,55.39,47287,35.15,61,4,5
AEMH105346,11,0,2009,DESAI KRISHNARAO RAKHAMAJIRAO ALIAS BABASAHEB KUPEKAR,Maharashtra,CHANDGAD,NCP,NCP,64194,M,1,5,4,FALSE,TRUE,30.87,5332,2.56,67,4,5
AEMH105451,6,0,1985,SUNIL DATTATRAY TATKARE,Maharashtra,MANGAON,INC,,28013,M,2,5,4,FALSE,FALSE,41.26,24302,35.8,,4,5
AEMH105451,8,0,1995,TATKARE SUNIL DATTATREYA,Maharashtra,MANGAON,INC,INC,44569,M,1,5,4,FALSE,FALSE,42.11,13394,12.65,,4,5
AEMH105451,9,0,1999,TATKARE SUNIL DATTATRAYA,Maharashtra,MANGAON,NCP,INC,41573,M,1,5,4,TRUE,TRUE,47.85,7453,8.58,,4,5
AEMH105451,10,0,2004,TATKARE SUNIL DATTATREY,Maharashtra,MANGAON,NCP,NCP,69865,M,1,5,4,FALSE,TRUE,55.8,32274,25.78,49,4,5
AEMH105451,11,0,2009,TATKARE SUNIL DATTATREY,Maharashtra,SHRIVARDHAN,NCP,NCP,66141,M,1,5,4,FALSE,TRUE,47.71,10871,7.84,54,4,5
AEMH105542,6,0,1985,CHHAGAN BHUJBAL,Maharashtra,MAZGAON,IND,,18510,M,1,5,4,FALSE,FALSE,29.64,1203,1.93,,4,5
AEMH105542,7,0,1990,CHHAGAN BHUJBAL,Maharashtra,MAZGAON,SHS,IND,36790,M,1,5,4,FALSE,TRUE,50.8,6649,9.18,,4,5
AEMH105542,8,0,1995,CHHAGAN BHUJBAL,Maharashtra,MAZGAON,INC,SHS,29454,M,2,5,4,TRUE,TRUE,37.43,22655,28.79,,4,5
AEMH105542,10,0,2004,CHHAGAN BHUJBAL,Maharashtra,YEVLA,NCP,INC,79306,M,1,5,4,TRUE,FALSE,54.84,35649,24.65,57,4,5
AEMH105542,11,0,2009,CHHAGAN BHUJBAL,Maharashtra,YEVLA,NCP,NCP,106416,M,1,5,4,FALSE,TRUE,63.14,50180,29.77,61,4,5
AEMH105667,6,0,1985,BALDEV KHOSA,Maharashtra,AMBOLI,INC,,39797,M,1,4,3,FALSE,FALSE,50.04,21853,27.48,,3,4
AEMH105667,7,0,1990,BALDEV KHOSA,Maharashtra,AMBOLI,INC,INC,25375,M,3,4,3,FALSE,TRUE,18.16,217,0.16,,3,4
AEMH105667,9,0,1999,BALDEV KHOSA,Maharashtra,AMBOLI,INC,INC,70183,M,1,4,3,FALSE,FALSE,47.9,11468,7.83,,3,4
AEMH105667,11,0,2009,BALDEV KHOSA,Maharashtra,VERSOVA,INC,INC,44814,M,1,4,3,FALSE,FALSE,44.54,12030,11.96,65,3,4
AEMH105757,6,0,1985,CHANDRAKANT HANDORE,Maharashtra,CHEMBUR,IND,,12432,M,3,6,2,FALSE,FALSE,15.46,10247,12.75,,2,6
AEMH105757,7,0,1990,CHANDRAKANT HANDORE,Maharashtra,CHEMBUR,RPI,IND,49071,M,2,6,2,FALSE,FALSE,47.12,45204,43.41,,2,6
AEMH105757,8,0,1995,CHANDRAKANT D. HANDORE,Maharashtra,CHEMBUR,BSP,RPI,19426,M,3,6,2,TRUE,FALSE,14.15,9735,7.09,,2,6
AEMH105757,9,0,1999,CHANDRAKANT DAMODHAR HANDORE,Maharashtra,CHEMBUR,IND,BSP,17727,M,2,6,2,FALSE,FALSE,15.62,113,0.1,,2,6
AEMH105757,10,0,2004,CHANDRAKANT HANDORE,Maharashtra,CHEMBUR,INC,IND,46196,M,1,6,2,FALSE,FALSE,39.43,2450,2.09,47,2,6
AEMH105757,11,0,2009,CHANDRAKANT DAMODHAR HANDORE,Maharashtra,CHEMBUR,INC,INC,47431,M,1,6,2,FALSE,TRUE,38.42,17966,14.55,52,2,6
AEMH105838,6,0,1985,GANESH NAIK,Maharashtra,BELAPUR,IND,,42641,M,2,3,2,FALSE,FALSE,37.01,27762,24.09,,2,3
AEMH105838,10,0,2004,GANESH NAIK,Maharashtra,BELAPUR,NCP,IND,324706,M,1,3,2,FALSE,FALSE,55.08,118276,20.06,55,2,3
AEMH105838,11,0,2009,GANESH NAIK,Maharashtra,BELAPUR,NCP,NCP,59685,M,1,3,2,FALSE,TRUE,40.78,12873,8.8,59,2,3
AEMH105891,6,0,1985,GOTIRAM PADU PAWAR,Maharashtra,MURBAD,INC,,35440,M,1,6,4,FALSE,FALSE,51.83,17088,24.99,,4,6
AEMH105891,7,0,1990,GOTIRAM PADU PAWAR,Maharashtra,MURBAD,INC,INC,50083,M,1,6,4,FALSE,TRUE,53.06,10383,11,,4,6
AEMH105891,8,0,1995,GOTIRAM PADU PAWAR,Maharashtra,MURBAD,INC,INC,51471,M,2,6,4,FALSE,TRUE,43.44,47088,39.74,,4,6
AEMH105891,9,0,1999,GOTIRAM PADU PAWAR,Maharashtra,MURBAD,NCP,INC,48786,M,1,6,4,TRUE,FALSE,47.84,17751,17.41,,4,6
AEMH105891,10,0,2004,GOTIRAM PADU PAWAR,Maharashtra,MURBAD,NCP,NCP,63763,M,1,6,4,FALSE,TRUE,44.48,17065,11.9,60,4,6
AEMH105891,11,0,2009,PAWAR GOTIRAM PADU,Maharashtra,MURBAD,IND,NCP,49288,M,2,6,4,FALSE,TRUE,27.61,12208,6.84,65,4,6
AEMH105937,6,0,1985,ZOLE SHIVRAM SHANKAR,Maharashtra,IGATPURI,ICS,,21168,M,1,6,2,FALSE,FALSE,39.45,4095,7.63,,2,6
AEMH105937,7,0,1990,SHIVRAM SHANKAR ZOLE,Maharashtra,IGATPURI,INC,ICS,18924,M,3,6,2,TRUE,TRUE,26.94,13998,19.93,,2,6
AEMH105937,8,0,1995,ZOLE SHIVRAM SHANKAR,Maharashtra,IGATPURI,INC,INC,33365,M,1,6,2,FALSE,FALSE,30.98,7076,6.57,,2,6
AEMH105937,9,0,1999,ZOLE SHIVRAM SHANKAR,Maharashtra,IGATPURI,NCP,INC,20572,M,3,6,2,TRUE,TRUE,28.28,16807,23.1,,2,6
AEMH105937,10,0,2004,ZOLE SHIVRAM SHANKAR,Maharashtra,IGATPURI,IND,NCP,22036,M,3,6,2,FALSE,FALSE,21.57,17587,17.21,45,2,6
AEMH105937,11,0,2009,ZOLE SHIVRAM SHANKAR,Maharashtra,IGATPURI,PWPI,IND,14108,M,4,6,2,FALSE,FALSE,11.35,2594,2.09,53,2,6
AEMH105963,6,0,1985,GHOLAP BABAN SHANKAR,Maharashtra,DEOLALI,IND,,2774,M,6,6,5,FALSE,FALSE,4.22,363,0.55,,5,6
AEMH105963,7,0,1990,GHOLAP BABAN SHANKAR,Maharashtra,DEOLALI,SHS,IND,53400,M,1,6,5,FALSE,FALSE,56.83,32247,34.32,,5,6
AEMH105963,8,0,1995,GHOLAP BABAN SHANKAR,Maharashtra,DEOLALI,SHS,SHS,78339,M,1,6,5,FALSE,TRUE,47.48,36919,22.38,,5,6
AEMH105963,9,0,1999,GHOLAP BABAN SHANKAR,Maharashtra,DEOLALI,IND,SHS,58657,M,1,6,5,FALSE,TRUE,47.01,3708,2.97,,5,6
AEMH105963,10,0,2004,GHOLAP BABAN (NANA) SHANKAR,Maharashtra,DEOLALI,SHS,IND,85297,M,1,6,5,FALSE,TRUE,48.94,5602,3.21,49,5,6
AEMH105963,11,0,2009,GHOLAP BABAN SHANKAR,Maharashtra,DEVLALI,SHS,SHS,45761,M,1,6,5,FALSE,TRUE,38.73,10120,8.56,56,5,6
AEMH106023,6,0,1985,HIRAY PUSHPATAI VYAKATARAO,Maharashtra,DABHADI,ICS,,39876,F,1,5,3,FALSE,FALSE,49.97,3228,4.05,,3,5
AEMH106023,7,0,1990,PUSHPATAI VYANKATRAO HIREY,Maharashtra,DABHADI,INC,ICS,43460,F,1,5,3,TRUE,TRUE,48.95,10883,12.26,,3,5
AEMH106023,8,0,1995,HIRAY PUSHPATAI VYANKATRAO,Maharashtra,DABHADI,INC,INC,40126,F,1,5,3,FALSE,TRUE,34.43,2410,2.07,,3,5
AEMH106023,10,0,2004,HIRAY PRASHANT VYANKATRAO,Maharashtra,DABHADI,NCP,INC,59062,M,2,5,3,TRUE,FALSE,39.05,43246,28.59,51,3,5
AEMH106023,11,0,2009,HIRAY PRASHANT VYANKATRAO,Maharashtra,MALEGAON OUTER,NCP,NCP,65073,M,2,5,3,FALSE,FALSE,36.08,60941,33.79,56,3,5
AEMH106322,6,0,1985,ZANAK SUBHASHRAO RAMRAO,Maharashtra,MEDSHI,INC,,35235,M,1,4,4,FALSE,FALSE,52.57,10398,15.51,,4,4
AEMH106322,7,0,1990,ZANAK SUBHASHRAO RAMRAOJI,Maharashtra,MEDSHI,INC,INC,30261,M,1,4,4,FALSE,TRUE,34.94,8663,10,,4,4
AEMH106322,8,0,1995,ZANAK SUBHASH RAMRAOJI,Maharashtra,MEDSHI,INC,INC,27923,M,1,4,4,FALSE,TRUE,25.79,1247,1.15,,4,4
AEMH106322,11,0,2009,ZANAK SUBHASHRAO RAMRAO,Maharashtra,RISOD,INC,INC,51234,M,1,4,4,FALSE,FALSE,32.15,3040,1.91,50,4,4
AEMH106353,6,0,1985,DESHMUKH ANANTRAO VITTHALRAO,Maharashtra,KARANJA,INC,,25376,M,1,2,1,FALSE,FALSE,39.18,5305,8.19,,1,2
AEMH106353,11,0,2009,ANANTRAO VITTHALRAO DESHMUKH,Maharashtra,RISOD,IND,INC,48194,M,2,2,1,FALSE,FALSE,30.24,11254,7.06,60,1,2
AEMH106479,6,0,1985,DESHMUKH SURESH BAPURAOJI,Maharashtra,HINGANGHAT,INC,,32596,M,2,5,1,FALSE,FALSE,33.15,14559,14.81,,1,5
AEMH106479,7,0,1990,DESHMUKH SURESH BAPURAOJI,Maharashtra,HINGANGHAT,INC,INC,36867,M,2,5,1,FALSE,FALSE,31.08,13020,10.98,,1,5
AEMH106479,8,0,1995,DESHMUKH SURESHRAO BAPURAOJI,Maharashtra,PULGAON,IND,INC,25597,M,2,5,1,FALSE,FALSE,19.09,3215,2.4,,1,5
AEMH106479,9,0,1999,DESHMUKH SURESH BAPURAOJI,Maharashtra,WARDHA,NCP,IND,37151,M,2,5,1,FALSE,FALSE,31.73,18607,15.89,,1,5
AEMH106479,11,0,2009,DESHMUKH SURESH BAPURAOJI,Maharashtra,WARDHA,IND,NCP,52085,M,1,5,1,FALSE,FALSE,35.41,11665,7.93,60,1,5
AEMH106841,6,0,1985,KINALKAR MADHAVRAO BHUJANGRAO,Maharashtra,BHOKAR,ICS,,28569,M,2,6,2,FALSE,FALSE,41.81,20777,30.41,,2,6
AEMH106841,7,0,1990,KINALKAR MADHAVRAO BHUJANGRAO,Maharashtra,BHOKAR,INC,ICS,22838,M,1,6,2,TRUE,FALSE,23.83,2064,2.15,,2,6
AEMH106841,8,0,1995,DR. KINHALKAR MADHAURAO BHUJANGRAO,Maharashtra,BHOKAR,INC,INC,36183,M,1,6,2,FALSE,TRUE,28.66,1772,1.4,,2,6
AEMH106841,9,0,1999,DR. KINHALKAR MADHAVRAO BHUJENGRAO,Maharashtra,BHOKAR,NCP,INC,22147,M,3,6,2,TRUE,TRUE,21.31,10540,10.14,,2,6
AEMH106841,10,0,2004,KINHALKAR MADHAVRAO BHUJANGRAO,Maharashtra,BHOKAR,IND,NCP,28610,M,3,6,2,FALSE,FALSE,20.26,21315,15.1,46,2,6
AEMH106841,11,0,2009,KINHALKAR DR. MADHAVRAO BHUJANGRAO,Maharashtra,BHOKAR,IND,IND,13346,M,2,6,2,FALSE,FALSE,8.8,6941,4.57,51,2,6
AEMH106918,6,0,1985,SHEBRAO NARAYANRAO PATIL GOREGAONKAR,Maharashtra,HINGOLI,INC,,38442,M,1,5,1,FALSE,FALSE,51.54,18357,24.61,,1,5
AEMH106918,7,0,1990,PATIL SAHEBRAO NARAYANRAO,Maharashtra,HINGOLI,INC,INC,32269,M,2,5,1,FALSE,TRUE,30.42,13293,12.53,,1,5
AEMH106918,8,0,1995,PATIL SAHEBRAO NARAYANRAO,Maharashtra,HINGOLI,INC,INC,33207,M,2,5,1,FALSE,FALSE,24.85,7956,5.95,,1,5
AEMH106918,10,0,2004,PATIL SAHEBRAO NARAYANRAO,Maharashtra,HINGOLI,BSP,INC,32649,M,2,5,1,TRUE,FALSE,21.38,749,0.49,59,1,5
AEMH106918,11,0,2009,SAHEBRAO NARAYANRAO PATIL GOREGAONKAR,Maharashtra,HINGOLI,SP,BSP,32400,M,3,5,1,TRUE,FALSE,20.17,26781,16.67,67,1,5
AEMH107018,6,0,1985,HARIBHAU KISHANRAO BAGADE,Maharashtra,AURANGABAD EAST,BJP,,32174,M,1,5,4,FALSE,FALSE,42.61,6071,8.04,,4,5
AEMH107018,7,0,1990,HARIBHAU KISANRAO BEGDE,Maharashtra,AURANGABAD EAST,BJP,BJP,55581,M,1,5,4,FALSE,TRUE,47.89,11725,10.1,,4,5
AEMH107018,8,0,1995,RAGDE HARIBAU KISAN,Maharashtra,AURANGABAD EAST,BJP,BJP,49496,M,1,5,4,FALSE,TRUE,31.22,17798,11.23,,4,5
AEMH107018,9,0,1999,BAGDE HARIBHAU KISAN,Maharashtra,AURANGABAD EAST,BJP,BJP,65596,M,1,5,4,FALSE,TRUE,48.39,16773,12.37,,4,5
AEMH107018,11,0,2009,BAGDE HARIBHAU KISAN,Maharashtra,PHULAMBRI,BJP,BJP,60649,M,2,5,4,FALSE,FALSE,36.56,44937,27.09,64,4,5
AEMH107139,6,0,1985,CHAVAN MADHUKARRAO DEORAO,Maharashtra,OSMANABAD,INC,,37729,M,2,6,4,FALSE,FALSE,41.06,36588,39.82,,4,6
AEMH107139,7,0,1990,CHAVAN MADHUKAR DEORAO,Maharashtra,TULJAPUR,INC,INC,47474,M,1,6,4,FALSE,FALSE,52.46,15366,16.98,,4,6
AEMH107139,8,0,1995,CHAVAN MADHUKRRAO DEORAO,Maharashtra,TULJAPUR,INC,INC,35924,M,2,6,4,FALSE,TRUE,33,28217,25.92,,4,6
AEMH107139,9,0,1999,CHAVAN MADHUKARAO DEORAO,Maharashtra,TULJAPUR,INC,INC,30151,M,1,6,4,FALSE,FALSE,31.72,3787,3.98,,4,6
AEMH107139,10,0,2004,CHAVAN MADHUKARRAO DEORAO,Maharashtra,TULJAPUR,INC,INC,40958,M,1,6,4,FALSE,TRUE,35.1,3445,2.95,67,4,6
AEMH107139,11,0,2009,CHAVAN MADHUKARRAO DEVRAO,Maharashtra,TULJAPUR,INC,INC,65802,M,1,6,4,FALSE,TRUE,33.51,16333,8.32,71,4,6
AEMH107200,6,0,1985,DILIP GANGADHAR SOPAL,Maharashtra,BARSHI,ICS,,42822,M,1,6,5,FALSE,FALSE,55.59,9853,12.79,,5,6
AEMH107200,7,0,1990,SOPAL DILIP GANGADHAR,Maharashtra,BARSHI,INC,ICS,44974,M,1,6,5,TRUE,TRUE,49.76,19618,21.7,,5,6
AEMH107200,8,0,1995,DILIP GANGADHAR SOPAL,Maharashtra,BARSHI,IND,INC,42545,M,1,6,5,FALSE,TRUE,36.43,5484,4.7,,5,6
AEMH107200,9,0,1999,SOPAL DILIP GANGADHAR,Maharashtra,BARSHI,NCP,IND,47527,M,1,6,5,FALSE,TRUE,45.05,339,0.32,,5,6
AEMH107200,10,0,2004,DILIP GANGADHAR SOPAL,Maharashtra,BARSHI,NCP,NCP,68181,M,2,6,5,FALSE,TRUE,46.81,66593,45.71,54,5,6
AEMH107200,11,0,2009,SOPAL DILIP GANGADHAR,Maharashtra,BARSHI,IND,NCP,90523,M,1,6,5,FALSE,FALSE,46.14,10209,5.2,59,5,6
AEMH107314,6,0,1985,THORAT BALASAHEB ALIAS VIJAY BHAUSAHEB,Maharashtra,SANGAMNER,IND,,40218,M,1,6,6,FALSE,FALSE,44.4,10159,11.22,,6,6
AEMH107314,7,0,1990,VIJAY ALIAS BALASAHEB BHAUSAHEB THORAT,Maharashtra,SANGAMNER,INC,IND,57465,M,1,6,6,FALSE,TRUE,49.67,4862,4.2,,6,6
AEMH107314,8,0,1995,THORAT VIJAY ALIAS BALASAHEB BHAUSAHEB,Maharashtra,SANGAMNER,INC,INC,73611,M,1,6,6,FALSE,TRUE,50.97,14654,10.15,,6,6
AEMH107314,9,0,1999,THORAT VIJAY ALIAS BALASAHEB BHAUSAHEB,Maharashtra,SANGAMNER,INC,INC,61975,M,1,6,6,FALSE,TRUE,45.32,21451,15.69,,6,6
AEMH107314,10,0,2004,THORAT VIJAY ALIAS BALASAHEB BHAOSAHAB,Maharashtra,SANGAMNER,INC,INC,120058,M,1,6,6,FALSE,TRUE,71.04,75757,44.83,51,6,6
AEMH107314,11,0,2009,THORAT VIJAY ALIAS BALASAHEB BHAUSAHEB,Maharashtra,SANGAMNER,INC,INC,96686,M,1,6,6,FALSE,TRUE,63.14,55376,36.16,56,6,6
AEMH107396,6,0,1985,RAMESH ANANDRAO BAGWE,Maharashtra,PARVATI,IND,,7727,M,3,5,2,FALSE,FALSE,8.4,3446,3.75,,2,5
AEMH107396,8,0,1995,RAMESH ANANDRAO BAGAVE,Maharashtra,PARVATI,IND,IND,39531,M,3,5,2,FALSE,FALSE,19.7,34215,17.05,,2,5
AEMH107396,9,0,1999,RAMESH ANANTRAO ALIAS ANADRAO BAGVE,Maharashtra,PARVATI,INC,IND,63304,M,2,5,2,FALSE,FALSE,39.14,33051,20.44,,2,5
AEMH107396,10,0,2004,BAGVE RAMESH ANANDRAO,Maharashtra,PARVATI,INC,INC,96853,M,1,5,2,FALSE,FALSE,54.09,26674,14.9,50,2,5
AEMH107396,11,0,2009,BAGWE RAMESHANANDRAO,Maharashtra,PUNE CANTONMENT,INC,INC,65638,M,1,5,2,FALSE,TRUE,57.38,37325,32.63,55,2,5
AEMH107553,5,0,1980,PATIL HANUMANTRAO YASHWANTRAO,Maharashtra,KHANAPUR ATPADI,INC(U),,33416,M,1,5,3,FALSE,FALSE,43.49,1033,1.34,,3,5
AEMH107553,6,0,1985,PATIL HANAMANTRAO YASHWANTRAO,Maharashtra,KHANAPUR ATPADI,ICS,INC(U),40617,M,2,5,3,TRUE,TRUE,45.23,40304,44.88,,3,5
AEMH107553,7,0,1990,PATIL HANMANTRAO YASHAVANTRAO,Maharashtra,KHANAPUR ATPADI,IND,ICS,35116,M,2,5,3,FALSE,FALSE,32.11,26281,24.03,,3,5
AEMH107553,10,0,2004,PATIL SADASHIVRAO HANMANTRAO,Maharashtra,KHANAPUR ATPADI,IND,IND,79813,M,1,5,3,FALSE,FALSE,50.94,25087,16.01,48,3,5
AEMH107553,11,0,2009,PATIL SADASHIVRAO HANAMANTRAO,Maharashtra,KHANAPUR,INC,IND,77965,M,1,5,3,FALSE,TRUE,42.37,2989,1.62,53,3,5
AEMH107570,6,0,1985,AWADE PRAKASH KALLAPPA,Maharashtra,ICHALKARANJI,INC,,51791,M,1,6,4,FALSE,FALSE,44.82,19547,16.92,,4,6
AEMH107570,7,0,1990,AWADE PRAKASH KALLAPPA,Maharashtra,ICHALKARANJI,INC,INC,66446,M,2,6,4,FALSE,TRUE,45.09,58880,39.95,,4,6
AEMH107570,8,0,1995,AWADE PRAKASH KALLAPPA,Maharashtra,ICHALKARANJI,INC,INC,82086,M,1,6,4,FALSE,FALSE,46.63,2443,1.39,,4,6
AEMH107570,9,0,1999,AWADE PRAKASH KALLAPPA,Maharashtra,ICHALKARANJI,INC,INC,64365,M,1,6,4,FALSE,TRUE,42.18,22963,15.05,,4,6
AEMH107570,10,0,2004,AWADE PRAKASH KALLAPPA,Maharashtra,ICHALKARANJI,INC,INC,107846,M,1,6,4,FALSE,TRUE,58.89,73174,39.96,51,4,6
AEMH107570,11,0,2009,AWADE PRAKASH KALLAPPA,Maharashtra,ICHALKARANJI,INC,INC,66867,M,2,6,4,FALSE,TRUE,36.45,57254,31.21,56,4,6
AEMH107599,6,0,1985,DESAI BAJARANG ANANDRAO,Maharashtra,RADHANAGARI,ICS,,37002,M,1,5,2,FALSE,FALSE,40.66,3976,4.37,,2,5
AEMH107599,8,0,1995,DESAI BAJARANG ANANDRAO,Maharashtra,RADHANAGARI,IND,ICS,40158,M,2,5,2,FALSE,FALSE,29.51,9102,6.69,,2,5
AEMH107599,9,0,1999,DESAI BAJRANG ANANDRAO,Maharashtra,RADHANAGARI,INC,IND,59938,M,1,5,2,FALSE,FALSE,45.97,7655,5.87,,2,5
AEMH107599,10,0,2004,BAJARANG ANANDRAO DESAI,Maharashtra,RADHANAGARI,INC,INC,39895,M,2,5,2,FALSE,TRUE,25.45,30759,19.62,60,2,5
AEMH107599,11,0,2009,DESAI BAJARANG ANANDRAO,Maharashtra,RADHANAGARI,IND,INC,45121,M,2,5,2,FALSE,FALSE,21.19,8762,4.12,64,2,5
AEMH107761,4,0,1978,AHMED SAYED ALINAKI,Maharashtra,NAGPADA,INC(I),,12528,M,3,8,5,FALSE,FALSE,21.23,12164,20.62,,5,8
AEMH107761,5,0,1980,SYED AHMAD,Maharashtra,NAGPADA,INC(I),INC(I),17975,M,1,8,5,FALSE,FALSE,58.01,11305,36.48,,5,8
AEMH107761,6,0,1985,SYED AHMED,Maharashtra,NAGPADA,INC,INC(I),20081,M,1,8,5,TRUE,TRUE,48.64,8386,20.31,,5,8
AEMH107761,7,0,1990,SAYED AHMED,Maharashtra,NAGPADA,INC,INC,21026,M,1,8,5,FALSE,TRUE,32.54,1559,2.41,,5,8
AEMH107761,8,0,1995,SYED AHMED,Maharashtra,NAGPADA,INC,INC,13963,M,3,8,5,FALSE,TRUE,20.31,6444,9.37,,5,8
AEMH107761,9,0,1999,SAYYED AHMED ALINKI,Maharashtra,NAGPADA,INC,INC,18725,M,1,8,5,FALSE,FALSE,36.55,2130,4.16,,5,8
AEMH107761,10,0,2004,DR SYED AHMED,Maharashtra,NAGPADA,INC,INC,20869,M,1,8,5,FALSE,TRUE,45.02,3774,8.14,59,5,8
AEMH107761,11,0,2009,SYED AHMAD,Maharashtra,MANKHURD SHIVAJI NAGAR,INC,INC,24318,M,2,8,5,FALSE,TRUE,21.29,2480,2.17,66,5,8
AEMH107989,5,0,1980,SAWARA VISHNU RAMA,Maharashtra,WADA,BJP,,14974,M,2,7,5,FALSE,FALSE,36.12,5368,12.95,,5,7
AEMH107989,6,0,1985,SAVARA VISHNU RAMA,Maharashtra,WADA,BJP,BJP,21145,M,2,7,5,FALSE,FALSE,37.59,15341,27.27,,5,7
AEMH107989,7,0,1990,SAVARA VISHNU RAMA,Maharashtra,WADA,BJP,BJP,48184,M,1,7,5,FALSE,FALSE,49.99,12528,13,,5,7
AEMH107989,8,0,1995,SAVARA VISHNU RAMA,Maharashtra,WADA,BJP,BJP,72919,M,1,7,5,FALSE,TRUE,47.8,35659,23.38,,5,7
AEMH107989,9,0,1999,SAVARA VISHNU RAMA,Maharashtra,WADA,BJP,BJP,54696,M,1,7,5,FALSE,TRUE,47.11,32848,28.29,,5,7
AEMH107989,10,0,2004,SAVARA VISHNU RAMA,Maharashtra,WADA,BJP,BJP,77351,M,1,7,5,FALSE,TRUE,47.15,34090,20.78,54,5,7
AEMH107989,11,0,2009,SAVARA VISHNU RAMA,Maharashtra,BHIWANDI RURAL,BJP,BJP,46996,M,1,7,5,FALSE,TRUE,34.67,2192,1.62,59,5,7
AEMH108102,5,0,1980,PADVI UDESING KOCHARYA,Maharashtra,TALODA,JNP(JP),,3052,M,5,4,0,FALSE,FALSE,6.87,0,0,,,4
AEMH108102,7,0,1990,PADVI UDESING KOCHARYA,Maharashtra,TALODE,IND,JNP(JP),5892,M,4,4,0,FALSE,FALSE,8.04,5184,7.07,,,4
AEMH108102,10,0,2004,PADVI UDESING KOCHARU,Maharashtra,AKRANI,SHS,IND,20225,M,2,4,0,FALSE,FALSE,17.94,1470,1.3,54,,4
AEMH108102,11,0,2009,PADVI UDESING KOCHARU,Maharashtra,SHAHADA,SHS,SHS,38635,M,2,4,0,FALSE,FALSE,26.71,8979,6.21,61,,4
AEMH108160,5,0,1980,JAIN SURESH BHIKAMCHAND,Maharashtra,JALGAON,INC(I),,43827,M,1,7,6,FALSE,FALSE,59.38,24881,33.71,,6,6
AEMH108160,6,0,1985,JAIN SURESHKUMAR BHIKAMCHAND,Maharashtra,JALGAON,ICS,INC(I),47629,M,1,7,6,TRUE,TRUE,54.51,11810,13.52,,6,6
AEMH108160,7,0,1990,JAIN SURESHKUMAR BHIKAMCHAND,Maharashtra,JALGAON,ICS(SCS),ICS,61562,M,1,7,6,TRUE,TRUE,50.41,24770,20.28,,6,6
AEMH108160,8,0,1995,JAIN SURESHKUMAR BHIKAMCHAND,Maharashtra,JALGAON,INC,ICS(SCS),77172,M,1,7,6,TRUE,TRUE,48.26,38429,24.03,,6,6
AEMH108160,8,1,1996,Jain Sureshkumar Bhikamchand,Maharashtra,Jalgaon,SHS,INC,73532,"",1,7,6,TRUE,TRUE,61.54,27568,23.07,,6,6
AEMH108160,9,0,1999,JAIN SURESHKUMAR BHIKAMCHAND,Maharashtra,JALGAON,SHS,SHS,63964,M,1,7,6,FALSE,TRUE,46.7,22684,16.56,,6,6
AEMH108160,11,0,2009,JAIN SURESHKUMAR BHIKAMCHAND,Maharashtra,JALGAON CITY,SHS,SHS,64706,M,1,7,6,FALSE,FALSE,52.88,31405,25.67,65,6,6
AEMH108183,5,0,1980,CHOUDHARI RAMESH VITTHAL,Maharashtra,YAWAL,INC(I),,23686,M,2,5,2,FALSE,FALSE,37.62,17519,27.82,,2,5
AEMH108183,8,0,1995,CHAUDHARY RAMESH VITTHAL,Maharashtra,YAVAL,INC,INC(I),44077,M,1,5,2,TRUE,FALSE,40.69,4077,3.76,,2,5
AEMH108183,9,0,1999,CHAUDHARI RAMESH VITTHAL,Maharashtra,YAVAL,INC,INC,37815,M,2,5,2,FALSE,TRUE,39.67,24804,26.02,,2,5
AEMH108183,10,0,2004,CHAUDHARI RAMESH VITTHAL,Maharashtra,YAVAL,INC,INC,51148,M,1,5,2,FALSE,FALSE,45.95,4422,3.97,48,2,5
AEMH108183,11,0,2009,CHAUDHARI RAMESH VITHTHAL,Maharashtra,RAVER,INC,INC,28638,M,3,5,2,FALSE,TRUE,18.63,12553,8.17,65,2,5
AEMH108334,5,0,1980,DESHMUKH HARSHWARDHAN PRATAPSINH,Maharashtra,MORHSI,INC(U),,18737,M,2,6,3,FALSE,FALSE,36.95,13324,26.27,,3,6
AEMH108334,7,0,1990,HARSHAWARDHAN PRATAPSINHA DESHMUKH,Maharashtra,MORSHI,IND,INC(U),38014,M,1,6,3,FALSE,FALSE,40.77,11505,12.34,,3,6
AEMH108334,8,0,1995,HARSHWARDHAN PRATAPSINHA DESHMUKH,Maharashtra,MORSHI,INC,IND,50739,M,1,6,3,FALSE,TRUE,42.56,13380,11.22,,3,6
AEMH108334,9,0,1999,HARSHVARDHAN PRATAPSINH DESHMUKH,Maharashtra,MORSHI,NCP,INC,30056,M,3,6,3,TRUE,TRUE,28.8,28330,27.14,,3,6
AEMH108334,10,0,2004,HARSHWARDHAN PRATAPSINH DESHMUKH,Maharashtra,MORSHI,JSS,NCP,36524,M,1,6,3,TRUE,FALSE,27.66,1381,1.05,53,3,6
AEMH108334,11,0,2009,HARSHWARDHAN PRATAPSING DESHMUKH,Maharashtra,MORSHI,NCP,JSS,37748,M,3,6,3,TRUE,TRUE,22.83,19423,11.75,58,3,6
AEMH108358,4,0,1978,ADSAD ARUN JANRDAN,Maharashtra,CHANDUR,JNP,,12656,M,2,8,2,FALSE,FALSE,17.08,8104,10.94,,2,8
AEMH108358,5,0,1980,ADSAD ARUN JANARDHAN,Maharashtra,CHANDUR,BJP,JNP,12409,M,2,8,2,TRUE,FALSE,22.55,6927,12.59,,2,8
AEMH108358,6,0,1985,ADSAD ARUN JANARDAN,Maharashtra,CHANDUR,BJP,BJP,28138,M,2,8,2,FALSE,FALSE,38.2,19899,27.02,,2,8
AEMH108358,7,0,1990,ADSAD ARUNBHAU JANARDAN,Maharashtra,CHANDUR,BJP,BJP,36201,M,1,8,2,FALSE,FALSE,41.1,12204,13.86,,2,8
AEMH108358,8,0,1995,ADSAD ARUNBHAU JANARDAN,Maharashtra,CHANDUR,BJP,BJP,32484,M,2,8,2,FALSE,TRUE,30.13,5415,5.02,,2,8
AEMH108358,9,0,1999,ADSAD ARUNBHAU JANARDHAN,Maharashtra,CHANDUR,BJP,BJP,32252,M,1,8,2,FALSE,FALSE,33.92,1773,1.86,,2,8
AEMH108358,10,0,2004,ADSAD ARUNBHAU JANARDAN,Maharashtra,CHANDUR,BJP,BJP,32233,M,2,8,2,FALSE,TRUE,28.18,10754,9.4,59,2,8
AEMH108358,11,0,2009,ADSAD ARUNBHAU JANARDAN,Maharashtra,DHAMAMGAON RAILWAY,BJP,BJP,59307,M,2,8,2,FALSE,FALSE,32.55,29763,16.33,64,2,8
AEMH108489,5,0,1980,BOPCHE KHUSHAL PARASRAM,Maharashtra,GOREGAON,BJP,,27340,M,2,5,3,FALSE,FALSE,41.99,21616,33.2,,3,5
AEMH108489,6,0,1985,KHUSHAL PARASRAM BOPCHE,Maharashtra,GOREGAON,BJP,BJP,44046,M,1,5,3,FALSE,FALSE,52.33,5339,6.34,,3,5
AEMH108489,8,0,1995,BOPCHE KHUSHAL PARASRAM,Maharashtra,GOREGAON,INC,BJP,46944,M,1,5,3,TRUE,FALSE,41.59,5626,4.98,,3,5
AEMH108489,9,0,1999,BOPCHE KUSHAL PARASRAM,Maharashtra,GOREGAON,NCP,INC,13616,M,3,5,3,TRUE,TRUE,13.74,5612,5.66,,3,5
AEMH108489,11,0,2009,BOPACHE KHUSHAL PARASRAM,Maharashtra,TIRORA,BJP,NCP,56450,M,1,5,3,TRUE,FALSE,39.28,623,0.43,58,3,5
AEMH108643,5,0,1980,VARPUDKAR SURESH AMBADASRAO,Maharashtra,SINGNAPUR,IND,,141,M,6,5,3,FALSE,FALSE,0.27,0,0,,3,5
AEMH108643,7,0,1990,WARPUDKAR SURESHRAO AMBADASRAO,Maharashtra,SINGNAPUR,INC,IND,58295,M,1,5,3,FALSE,FALSE,59.53,20413,20.85,,3,5
AEMH108643,8,0,1995,WARPUDKAR SURESH AMBADASRAO,Maharashtra,SINGNAPUR,INC,INC,49540,M,1,5,3,FALSE,TRUE,43.66,23125,20.38,,3,5
AEMH108643,10,0,2004,SURESH AMBADASRAO WARPUDKAR,Maharashtra,SINGNAPUR,IND,INC,45561,M,1,5,3,FALSE,FALSE,35.75,19403,15.22,52,3,5
AEMH108643,11,0,2009,WARPUDKAR SURESH AMBADASRAO,Maharashtra,GANGAKHED,NCP,IND,48703,M,3,5,3,FALSE,TRUE,22.41,42558,19.58,60,3,5
AEMH108772,5,0,1980,KSHIRSAGAR JAIDATTA SONAJIRAO,Maharashtra,CHAUSALA,INC(I),,16512,M,2,6,3,FALSE,FALSE,24.11,7129,10.41,,3,6
AEMH108772,7,0,1990,KSHIRSAGAR JAYDATTA SONAJIRAO,Maharashtra,CHAUSALA,INC,INC(I),51189,M,1,6,3,TRUE,FALSE,48.52,25176,23.86,,3,6
AEMH108772,8,0,1995,JAYADATTA SONAJI KSHIRSAGAR,Maharashtra,BEED,INC,INC,41041,M,2,6,3,FALSE,TRUE,29.65,19976,14.43,,3,6
AEMH108772,9,0,1999,KSHIRSAGAR JAIDATTAJI SONAJIRAO,Maharashtra,CHAUSALA,NCP,INC,44776,M,1,6,3,TRUE,FALSE,35.88,2144,1.72,,3,6
AEMH108772,10,0,2004,JAYDATTAJI KSHIRSAGAR,Maharashtra,CHAUSALA,NCP,NCP,75062,M,2,6,3,FALSE,TRUE,45.76,72178,44.01,54,3,6
AEMH108772,11,0,2009,KSHIRSAGAR JAYDATTJI SONAJIRAO,Maharashtra,BEED,NCP,NCP,109163,M,1,6,3,FALSE,FALSE,57.65,75917,40.09,59,3,6
AEMH108908,5,0,1980,MOHITE-PATIL VIJAYSINH SHANKARRAO,Maharashtra,MALSHIRAS,IND,,64086,M,1,7,6,FALSE,FALSE,70.65,38431,42.37,,6,7
AEMH108908,6,0,1985,MOHITE PATIL VISAYSINHA SHANKARRAO,Maharashtra,MALSHIRAS,INC,IND,89397,M,1,7,6,FALSE,TRUE,83.35,72762,67.84,,6,7
AEMH108908,7,0,1990,MOHITE PATIL VIJAYSINH SHANKARRAO,Maharashtra,MALSHIRAS,INC,INC,84747,M,1,7,6,FALSE,TRUE,64.73,40302,30.78,,6,7
AEMH108908,8,0,1995,NOHITE PATIL VIJAYSINH SHANKARRAO,Maharashtra,MALSHIRAS,INC,INC,84709,M,1,7,6,FALSE,TRUE,54.9,19462,12.61,,6,7
AEMH108908,9,0,1999,MOHITE PATIL VIJAYSINHA SHANKARRAO,Maharashtra,MALSHIRAS,NCP,INC,76576,M,1,7,6,TRUE,TRUE,54.15,19884,14.06,,6,7
AEMH108908,10,0,2004,MOHITEPATIL VIJAYSINGH SHANKARRAO,Maharashtra,MALSHIRAS,NCP,NCP,132543,M,1,7,6,FALSE,TRUE,69.92,104712,55.24,61,6,7
AEMH108908,11,0,2009,MOHITE PATIL VIJAYSINH SHANKARRAO,Maharashtra,PANDHARPUR,NCP,NCP,68778,M,2,7,6,FALSE,TRUE,36.44,65448,34.68,65,6,7
AEMH108923,5,0,1980,PACHAPUTE BABANRAO BHIKAJI,Maharashtra,SHRIGONDA,JNP(JP),,27992,M,1,7,6,FALSE,FALSE,42.45,1519,2.3,,6,7
AEMH108923,6,0,1985,BABANRAO BHIKAJI PACHPUTE,Maharashtra,SHRIGONDA,JNP,JNP(JP),57258,M,1,7,6,TRUE,TRUE,57.73,19014,19.17,,6,7
AEMH108923,7,0,1990,PACHPUTE BABANRAO BHIKAJI,Maharashtra,SHRIGONDA,JD,JNP,52738,M,1,7,6,TRUE,TRUE,42.9,818,0.67,,6,7
AEMH108923,8,0,1995,PACHAPUTE BABANRAO BHIKAJI,Maharashtra,SHRIGONDA,INC,JD,64957,M,1,7,6,TRUE,TRUE,43.26,18524,12.34,,6,7
AEMH108923,9,0,1999,PACHPUTE BABANRAO BHIKAJI,Maharashtra,SHRIGONDA,NCP,INC,56663,M,2,7,6,TRUE,TRUE,40.96,41415,29.94,,6,7
AEMH108923,10,0,2004,PACHAPUTE BABANRAO BHIKAJI,Maharashtra,SHRIGONDA,IND,NCP,61573,M,1,7,6,FALSE,FALSE,37.1,19285,11.62,51,6,7
AEMH108923,11,0,2009,PACHPUTE BABANRAO BHIKAJI,Maharashtra,SHRIGONDA,NCP,IND,80418,M,1,7,6,FALSE,TRUE,42.1,27445,14.37,55,6,7
AEMH108964,5,0,1980,TANPURE PRASAD BABURAO,Maharashtra,RAHURI,INC(I),,33647,M,1,7,5,FALSE,FALSE,49.6,2641,3.89,,5,7
AEMH108964,6,0,1985,TANPURE PRASAD BABURAO,Maharashtra,RAHURI,IND,INC(I),47043,M,1,7,5,FALSE,TRUE,54.51,23382,27.09,,5,7
AEMH108964,7,0,1990,TANPURE PRASAD BABURAO,Maharashtra,RAHURI,INC,IND,56590,M,1,7,5,FALSE,TRUE,53.85,9916,9.44,,5,7
AEMH108964,8,0,1995,TANAPURE PRASADRAO BABURAO,Maharashtra,RAHURI,INC,INC,59126,M,1,7,5,FALSE,TRUE,45.64,5023,3.88,,5,7
AEMH108964,9,0,1999,PRASAD BABURAO TANPURE,Maharashtra,RAHURI,NCP,INC,42148,M,1,7,5,TRUE,FALSE,39.37,838,0.78,,5,7
AEMH108964,10,0,2004,TANPURE PRASAD BABURAO,Maharashtra,RAHURI,NCP,NCP,61020,M,2,7,5,FALSE,TRUE,44.26,57748,41.89,62,5,7
AEMH108964,11,0,2009,PRASAD BABURAO TANPURE,Maharashtra,RAHURI,NCP,NCP,49047,M,2,7,5,FALSE,FALSE,28.68,6906,4.04,67,5,7
AEMH108976,5,0,1980,PICHAD MADHUKAR KASHINATH,Maharashtra,NAGAR-AKOLA,INC(I),,25182,M,1,7,7,FALSE,FALSE,44.73,8872,15.76,,7,7
AEMH108976,6,0,1985,PICHAD MADHUKARRAO KASHINATH,Maharashtra,NAGAR-AKOLA,INC,INC(I),36261,M,1,7,7,TRUE,TRUE,50.98,10378,14.59,,7,7
AEMH108976,7,0,1990,PICHAD MADHUKAR KASHINATH,Maharashtra,NAGAR-AKOLA,INC,INC,57446,M,1,7,7,FALSE,TRUE,57.14,22907,22.78,,7,7
AEMH108976,8,0,1995,PICHAD MADHUKAR KASHINATH,Maharashtra,NAGAR-AKOLA,INC,INC,77758,M,1,7,7,FALSE,TRUE,54.85,33032,23.3,,7,7
AEMH108976,9,0,1999,PICHAD MADHUKAR KASHINATH,Maharashtra,NAGAR-AKOLA,NCP,INC,45417,M,1,7,7,TRUE,TRUE,40.03,2310,2.04,,7,7
AEMH108976,10,0,2004,PICHAD MADHUKAR KASHINATH,Maharashtra,NAGAR-AKOLA,NCP,NCP,73405,M,1,7,7,FALSE,TRUE,47.98,4920,3.22,63,7,7
AEMH108976,11,0,2009,PICHAD MADHUKAR KASHINATH,Maharashtra,AKOLE,NCP,NCP,60043,M,1,7,7,FALSE,TRUE,43.77,9079,6.62,67,7,7
AEMH109113,5,0,1980,PATANKAR VIKARAMSINH RENAJITSINH,Maharashtra,PATAN,INC(U),,33660,M,2,7,5,FALSE,FALSE,45.4,0,0,,5,7
AEMH109113,6,0,1985,PATANKAR VIKRAMSINH RANJITSINH,Maharashtra,PATAN,ICS,INC(U),48873,M,1,7,5,TRUE,FALSE,56.52,11943,13.81,,5,7
AEMH109113,7,0,1990,PATANKAR VIKRAMSINH RANJITSHING,Maharashtra,PATAN,INC,ICS,62647,M,1,7,5,TRUE,TRUE,59.36,22644,21.45,,5,7
AEMH109113,8,0,1995,PATANKAR VIKRAMSINH RANJITSINH,Maharashtra,PATAN,INC,INC,59399,M,1,7,5,FALSE,TRUE,49.85,736,0.62,,5,7
AEMH109113,9,0,1999,PATANKAR VIKRAMSHINH RANJITSHINH,Maharashtra,PATAN,NCP,INC,53336,M,1,7,5,TRUE,TRUE,49.02,2563,2.36,,5,7
AEMH109113,10,0,2004,PATANKAR VIKRAMSINH RANJITSINH,Maharashtra,PATAN,NCP,NCP,66363,M,2,7,5,FALSE,TRUE,46.75,64548,45.48,35,5,7
AEMH109113,11,0,2009,PATANKAR VIKRAMSINH RANJITSINH,Maharashtra,PATAN,NCP,NCP,87917,M,1,7,5,FALSE,FALSE,48.15,580,0.32,68,5,7
AEMH109114,5,0,1980,PATIL PANDURANG DADASAHEB,Maharashtra,KARAD NORTH,INC(U),,41650,M,1,5,4,FALSE,FALSE,54.9,23943,31.56,,4,5
AEMH109114,6,0,1985,PATIL PANDURANG DADASAHEB,Maharashtra,KARAD NORTH,INC,INC(U),40978,M,2,5,4,TRUE,TRUE,45.5,40020,44.43,,4,5
AEMH109114,9,0,1999,BALASAHEB ALIAS SHAMRAO PANDURANG PATIL,Maharashtra,KARAD NORTH,NCP,INC,59427,M,1,5,4,TRUE,FALSE,47.68,17105,13.72,,4,5
AEMH109114,10,0,2004,PATIL BALASAHEB PANDURANG,Maharashtra,KARAD NORTH,NCP,NCP,71541,M,1,5,4,FALSE,TRUE,47.94,3621,2.43,39,4,5
AEMH109114,11,0,2009,PATIL SHAMRAO ALIAS BALASAHEB PANDURANG,Maharashtra,KARAD NORTH,IND,NCP,101658,M,1,5,4,FALSE,TRUE,57.12,41087,23.09,47,4,5
AEMH109120,5,0,1980,PATIL VILASRAO BALKRISHNA,Maharashtra,KARAD SOUTH,INC(U),,43348,M,1,7,7,FALSE,FALSE,55.34,20762,26.51,,7,7
AEMH109120,6,0,1985,PATIL VILASRAO BALKRISHNA,Maharashtra,KARAD SOUTH,INC,INC(U),54159,M,1,7,7,TRUE,TRUE,55.45,11769,12.05,,7,7
AEMH109120,7,0,1990,PATIL VILASARAO BALKRISHAN,Maharashtra,KARAD SOUTH,INC,INC,64100,M,1,7,7,FALSE,TRUE,56.92,31457,27.93,,7,7
AEMH109120,8,0,1995,PATIL VILASRAO BALKRISHNA,Maharashtra,KARAD SOUTH,INC,INC,69386,M,1,7,7,FALSE,TRUE,53.93,21372,16.61,,7,7
AEMH109120,9,0,1999,PATIL VILASRAO BALKRISHANA (KAKA),Maharashtra,KARAD SOUTH,INC,INC,62795,M,1,7,7,FALSE,TRUE,53.83,23634,20.26,,7,7
AEMH109120,10,0,2004,PATIL VILASRAO BALKRISHNA (KAKA),Maharashtra,KARAD SOUTH,INC,INC,108367,M,1,7,7,FALSE,TRUE,84.07,95453,74.05,66,7,7
AEMH109120,11,0,2009,VILASRAO PATIL (KAKA),Maharashtra,KARAD SOUTH,INC,INC,82857,M,1,7,7,FALSE,TRUE,49.35,14913,8.88,71,7,7
AEMH109129,5,0,1980,PATIL GULABRAO RAGHUNATH,Maharashtra,WALVA,INC(I),,32856,M,2,4,2,FALSE,FALSE,38.61,27210,31.97,,2,4
AEMH109129,9,0,1999,PATIL GULAB RAGHUNATH,Maharashtra,ERANDOL,SHS,INC(I),44711,M,1,4,2,TRUE,FALSE,42.73,4090,3.91,,2,4
AEMH109129,10,0,2004,PATIL GULABRAO RAGHUNATH,Maharashtra,ERANDOL,SHS,SHS,68767,M,1,4,2,FALSE,TRUE,48.49,11338,8,38,2,4
AEMH109129,11,0,2009,PATIL GULAB RAGHUNATH,Maharashtra,JALGAON RURAL,SHS,SHS,66994,M,2,4,2,FALSE,TRUE,41.81,53424,33.34,43,2,4
AEMH109137,5,0,1980,KADAM PATANGRAO SHRIPATI,Maharashtra,BHILWADI WANGI,IND,,33390,M,2,8,5,FALSE,FALSE,42.53,26581,33.86,,5,7
AEMH109137,6,0,1985,PATANGRAO SHRIPATI KADAM,Maharashtra,BHILWADI WANGI,IND,IND,63865,M,1,8,5,FALSE,FALSE,63.3,30165,29.9,,5,7
AEMH109137,7,0,1990,KADAM PATANGRAO SHRIPATRAO,Maharashtra,BHILWADI WANGI,INC,IND,64665,M,1,8,5,FALSE,TRUE,55.17,14927,12.74,,5,7
AEMH109137,8,0,1995,KADAM DR. PATANGRAO SHRIPATRAO,Maharashtra,BHILWADI WANGI,INC,INC,64031,M,2,8,5,FALSE,TRUE,45.3,61223,43.31,,5,7
AEMH109137,8,1,1996,Dr. Patangrao Shripatrao Kadam,Maharashtra,BhilwadiWangi,INC,INC,68146,"",2,8,5,FALSE,FALSE,48.01,67736,47.72,,5,7
AEMH109137,9,0,1999,DR.PATANGRAO SHRIPATRAO KADAM,Maharashtra,BHILWADI WANGI,INC,INC,79466,M,1,8,5,FALSE,FALSE,55.82,17829,12.52,,5,7
AEMH109137,10,0,2004,DR PATANGRAO SHRIPATRAO KADAM,Maharashtra,BHILAWADI WANGI,INC,INC,121941,M,1,8,5,FALSE,TRUE,77.6,101900,64.85,50,5,7
AEMH109137,11,0,2009,DR. PATANGRAO SHRIPATRAO KADAM,Maharashtra,PALUS-KADEGAON,INC,INC,106211,M,1,8,5,FALSE,TRUE,58.37,35585,19.56,65,5,7
AEMH109140,5,0,1980,PATIL SHALINITAI VASANTRAO,Maharashtra,SANGLI,INC(I),,44341,F,1,6,3,FALSE,FALSE,66.13,29542,44.06,,3,6
AEMH109140,7,0,1990,SHALINITAI PATIL,Maharashtra,KOREGAON,JD,INC(I),44688,F,2,6,3,TRUE,FALSE,42.63,41290,39.39,,3,6
AEMH109140,8,0,1995,PATIL SHALINITAI VASANTRAO,Maharashtra,KOREGAON,IND,JD,53807,F,2,6,3,FALSE,FALSE,45,49063,41.04,,3,6
AEMH109140,9,0,1999,DR SHALINITAI PATIL,Maharashtra,KOREGAON,NCP,IND,61692,F,1,6,3,FALSE,FALSE,58.85,25623,24.44,,3,6
AEMH109140,10,0,2004,DR SHALINITAI VASANTRAO PATIL,Maharashtra,KOREGAON,NCP,NCP,61326,F,1,6,3,FALSE,TRUE,51.29,35004,29.27,71,3,6
AEMH109140,11,0,2009,DR.SHALINITAI VASANTRAO PATIL,Maharashtra,KOREGAON,IND,NCP,48620,F,2,6,3,FALSE,TRUE,30.03,31999,19.77,76,3,6
AEMH109178,5,0,1980,AWALE JAYWANT GANGARAM,Maharashtra,VADGAON,INC(I),,29771,M,1,7,5,FALSE,FALSE,65.38,24175,53.09,,5,7
AEMH109178,6,0,1985,AWALE JAYWANT GANGARAM,Maharashtra,VADGAON,INC,INC(I),39697,M,1,7,5,TRUE,TRUE,60.05,21643,32.74,,5,7
AEMH109178,7,0,1990,AWALE JAYAWANT GANGARAM,Maharashtra,VADGAON,INC,INC,50445,M,1,7,5,FALSE,TRUE,57.87,30314,34.78,,5,7
AEMH109178,8,0,1995,AWALE JAYWANT GANGARAM,Maharashtra,VADGAON,INC,INC,43951,M,1,7,5,FALSE,TRUE,32.04,3085,2.25,,5,7
AEMH109178,9,0,1999,AVALE JAYAWANT GANGARAM,Maharashtra,VADGAON,INC,INC,46938,M,1,7,5,FALSE,TRUE,37.35,9772,7.78,,5,7
AEMH109178,10,0,2004,AWALE JAYWANT GANGARAM,Maharashtra,VADGAON,INC,INC,56356,M,2,7,5,FALSE,TRUE,36.1,41390,26.51,65,5,7
AEMH109178,11,0,2009,AWALE RAJU (BABA) JAYWANTRAO,Maharashtra,HATKANANGLE,INC,INC,53579,M,2,7,5,FALSE,FALSE,27.47,2477,1.27,32,5,7
AEMH109386,4,0,1978,BHAURAO PATIL,Maharashtra,DADAR,INC(I),,12579,M,3,11,6,FALSE,FALSE,14.95,1575,1.87,,6,7
AEMH109386,5,0,1980,BHAURAO PATIL,Maharashtra,SHIVADI,INC(I),INC(I),32874,M,1,11,6,FALSE,FALSE,64.05,15525,30.25,,6,7
AEMH109386,5,0,1980,PATIL BHASKARRAO BAPURAO KHATGAONKAR,Maharashtra,BILOLI,INC(I),INC(I),35212,M,2,11,6,FALSE,FALSE,41.56,22780,26.89,,6,7
AEMH109386,7,0,1990,BHAURAO PATIL,Maharashtra,DADAR,INC,INC(I),24367,M,2,11,6,TRUE,FALSE,28.14,10927,12.62,,6,7
AEMH109386,7,0,1990,BHASKERRAO BAPURAO PATIL,Maharashtra,BILOLI,INC,INC,75512,M,1,11,6,FALSE,FALSE,60.08,39900,31.75,,6,7
AEMH109386,8,0,1995,PATIL BHASHKARRAO BAPURAO,Maharashtra,BILOLI,INC,INC,61412,M,1,11,6,FALSE,TRUE,41.19,8346,5.6,,6,7
AEMH109386,8,0,1995,PATIL BHAURAO BABURAO,Maharashtra,HINGOLI,IND,INC,18458,M,4,11,6,FALSE,TRUE,13.81,13183,9.86,,6,7
AEMH109386,9,0,1999,PATIL BHAURAO BABURAO,Maharashtra,HINGOLI,INC,IND,47025,M,1,11,6,FALSE,FALSE,41.46,5928,5.23,,6,7
AEMH109386,10,0,2004,ABHIYANTA BHASKARRAO PATIL KHATGAONKAR,Maharashtra,BILOLI,INC,INC,59639,M,1,11,6,FALSE,TRUE,36.67,8218,5.05,60,6,7
AEMH109386,10,0,2004,PATIL BHAURAO BABURAO,Maharashtra,HINGOLI,INC,INC,48646,M,1,11,6,FALSE,TRUE,31.86,15997,10.48,48,6,7
AEMH109386,11,0,2009,PATIL BHAURAO BABURAO,Maharashtra,HINGOLI,INC,INC,58755,M,1,11,6,FALSE,TRUE,36.57,3945,2.46,53,6,7
AEMH109661,4,0,1978,GAVIT JIVA PANDU,Maharashtra,SURGANA,CPM,,7527,M,1,8,6,FALSE,FALSE,16.28,595,1.29,,6,8
AEMH109661,5,0,1980,GAVIT JIWA PANDU,Maharashtra,SURGANA,CPM,CPM,18134,M,1,8,6,FALSE,TRUE,36.74,1734,3.51,,6,8
AEMH109661,6,0,1985,GAVIT JEEVA PANDU,Maharashtra,SURGANA,CPM,CPM,27229,M,1,8,6,FALSE,TRUE,50.84,12745,23.8,,6,8
AEMH109661,7,0,1990,GAVIT JEEVA PANDU,Maharashtra,SURGANA,CPM,CPM,39753,M,1,8,6,FALSE,TRUE,52.86,16599,22.07,,6,8
AEMH109661,8,0,1995,GAVIT JIVA PANDU,Maharashtra,SURGANA,CPM,CPM,37086,M,2,8,6,FALSE,TRUE,31.71,25653,21.93,,6,8
AEMH109661,9,0,1999,GAVIT JIVA PANDU,Maharashtra,SURGANA,CPM,CPM,43758,M,1,8,6,FALSE,FALSE,42.01,11212,10.76,,6,8
AEMH109661,10,0,2004,GAVIT JEEVA PANDU,Maharashtra,URGANA,CPM,CPM,73370,M,1,8,6,FALSE,TRUE,53.46,14621,10.65,55,6,8
AEMH109661,11,0,2009,GAVIT JIVA PANDU,Maharashtra,KALWAN,CPM,CPM,58135,M,2,8,6,FALSE,TRUE,39.54,47507,32.31,60,6,8
AEMH109720,4,0,1978,PATIL ROHIDAS CHUDAMAN,Maharashtra,KUSUMBA,INC(I),,31873,M,1,7,6,FALSE,FALSE,46.5,18375,26.81,,6,7
AEMH109720,5,0,1980,PATIL ROHIDAS CHUDAMAN,Maharashtra,KASUMBA,INC(I),INC(I),37550,M,1,7,6,FALSE,TRUE,51.27,1866,2.55,,6,7
AEMH109720,7,0,1990,RHOIDAS CHUDAMAN PATEAL (DAJI),Maharashtra,KUSUMBA,INC,INC(I),64742,M,1,7,6,TRUE,FALSE,67.47,48885,50.95,,6,7
AEMH109720,8,0,1995,PATIL ROHIDAS (DAJI) CHUDAMAN,Maharashtra,KUSUMBA,INC,INC,51710,M,1,7,6,FALSE,TRUE,48.05,3200,2.97,,6,7
AEMH109720,9,0,1999,PATIL ROHIDAS CHUDAMAN,Maharashtra,KUSUMBA,INC,INC,48147,M,1,7,6,FALSE,TRUE,48.05,445,0.44,,6,7
AEMH109720,10,0,2004,PATIL ROHIDAS (DAJI) CHUDAMAN,Maharashtra,KUSUMBA,INC,INC,80419,M,1,7,6,FALSE,TRUE,55.26,39297,27.01,64,6,7
AEMH109720,11,0,2009,PATIL ROHIDAS CHUDAMAN,Maharashtra,DHULE RURAL,INC,INC,81580,M,2,7,6,FALSE,TRUE,42.3,78067,40.48,69,6,7
AEMH109851,4,0,1978,GANGANE SUDHAKAR RAMKRUSHNA,Maharashtra,AKOT,INC(I),,36603,M,1,5,2,FALSE,FALSE,50.81,12507,17.36,,2,5
AEMH109851,6,0,1985,GANGANE SUDHAKAR RAMKRISHNA,Maharashtra,AKOT,INC,INC(I),41426,M,1,5,2,TRUE,FALSE,56.55,19504,26.62,,2,5
AEMH109851,7,0,1990,GANGANE SUDHAKAR RAMKRISHNA,Maharashtra,AKOT,INC,INC,25926,M,2,5,2,FALSE,TRUE,26.12,8277,8.34,,2,5
AEMH109851,8,0,1995,SUDHAKAR RAMKRUSHNA GANGANE,Maharashtra,AKOT,INC,INC,30613,M,2,5,2,FALSE,FALSE,24.48,7978,6.38,,2,5
AEMH109851,11,0,2009,GANGANE SUDHAKAR RAMKRISHNA,Maharashtra,AKOT,INC,INC,36869,M,2,5,2,FALSE,FALSE,24.91,4240,2.86,61,2,5
AEMH110274,4,0,1978,MODHE SHIWAJI SHIORAM,Maharashtra,DIGRAS,INC,,15846,M,2,7,4,FALSE,FALSE,19.22,2182,2.65,,4,7
AEMH110274,5,0,1980,MOGHE SHIVAJI SHIVRAM,Maharashtra,KELAPUR,INC(I),INC,41048,M,1,7,4,TRUE,FALSE,81.8,36184,72.11,,4,7
AEMH110274,6,0,1985,MOGHE SHIVAJIRAO SHIVRAMJI,Maharashtra,KELAPUR,INC,INC(I),43885,M,1,7,4,TRUE,TRUE,72.14,26939,44.28,,4,7
AEMH110274,7,0,1990,SHIVAJI SHIORAMJI MOGHE,Maharashtra,KELAPUR,INC,INC,28598,M,2,7,4,FALSE,TRUE,30.75,24029,25.83,,4,7
AEMH110274,9,0,1999,MOGHE SHIVAJIRAO SHIVARAMJI,Maharashtra,KELAPUR,INC,INC,44549,M,1,7,4,FALSE,FALSE,44.9,23310,23.49,,4,7
AEMH110274,10,0,2004,MOGHE SHIVAJIRAO SHIVARAMJI,Maharashtra,KELAPUR,INC,INC,45897,M,2,7,4,FALSE,TRUE,36.65,30337,24.22,60,4,7
AEMH110274,11,0,2009,SHIWAJIRAO SHIWRAMJI MOGHE,Maharashtra,ARNI,INC,INC,90882,M,1,7,4,FALSE,FALSE,54.24,37581,22.43,65,4,7
AEMH110618,4,0,1978,ADAM NARSAYYA NARAYAN,Maharashtra,SOLAPUR CITY NORTH,CPM,,20372,M,1,6,3,FALSE,FALSE,31.28,3249,4.99,,3,6
AEMH110618,5,0,1980,ADAM NARSAYYA NARAYAN,Maharashtra,SOLAPUR CITY NORTH,IND,CPM,3647,M,4,6,3,FALSE,TRUE,5.67,1574,2.45,,3,6
AEMH110618,8,0,1995,ADAM NARSAYYA NARAYAN,Maharashtra,SOLAPUR CITY SOUTH,CPM,IND,29589,M,1,6,3,FALSE,FALSE,26.03,2551,2.24,,3,6
AEMH110618,9,0,1999,ADAM NARSAYYA NARAYAN,Maharashtra,SOLAPUR CITY SOUTH,CPM,CPM,23647,M,2,6,3,FALSE,TRUE,24.23,666,0.68,,3,6
AEMH110618,10,0,2004,ADAM NARSAYYA NARAYAN,Maharashtra,SOLAPUR CITY SOUTH,CPM,CPM,32552,M,1,6,3,FALSE,FALSE,30.63,5191,4.88,50,3,6
AEMH110618,11,0,2009,ADAM NARASAYYA NARAYAN,Maharashtra,SOLAPUR CITY CENTRAL,CPM,CPM,34664,M,2,6,3,FALSE,TRUE,25.33,8102,5.92,64,3,6
AEMH111376,3,0,1972,SURUPSING HIRYA NAIK,Maharashtra,NAWAPUR,INC,,32700,M,1,7,6,FALSE,FALSE,80.34,28295,69.52,,6,7
AEMH111376,6,0,1985,NAIK SHURUPSING HIRYA,Maharashtra,NAWAPUR,INC,INC,62580,M,1,7,6,FALSE,FALSE,74.93,49015,58.68,,6,7
AEMH111376,7,0,1990,NAIK SURUPSING HIRYA,Maharashtra,NAWAPUR,INC,INC,66510,M,1,7,6,FALSE,TRUE,67.41,49782,50.45,,6,7
AEMH111376,8,0,1995,NAIK SURUPSING HIRYA,Maharashtra,NAWAPUR,INC,INC,69518,M,1,7,6,FALSE,TRUE,53.36,21807,16.74,,6,7
AEMH111376,9,0,1999,NAIK SURUPSING HIRYA,Maharashtra,NAWAPUR,INC,INC,66902,M,1,7,6,FALSE,TRUE,52.81,24505,19.34,,6,7
AEMH111376,10,0,2004,NAIK SURUPSING HIRYA,Maharashtra,NAWAPUR,INC,INC,121613,M,1,7,6,FALSE,TRUE,73.55,98434,59.53,66,6,7
AEMH111376,11,0,2009,NAIK SURUPSING HIRYA,Maharashtra,NAWAPUR,INC,INC,74024,M,2,7,6,FALSE,TRUE,41.98,62171,35.26,71,6,7
AEMH111457,3,0,1972,BHARAT RAJABHAU BONDRE,Maharashtra,CHIKHLI,INC,,32110,M,1,7,4,FALSE,FALSE,50.44,14618,22.96,,4,7
AEMH111457,4,0,1978,BHARAT RAJABHAU BONDRE,Maharashtra,CHIKHLI,INC,INC,27607,M,2,7,4,FALSE,TRUE,32.24,160,0.19,,4,7
AEMH111457,5,0,1980,BHARAT RAJABHAU BONDRE,Maharashtra,CHIKHLI,INC(U),INC,39012,M,1,7,4,TRUE,FALSE,45.19,11850,13.73,,4,7
AEMH111457,6,0,1985,BHARAT RAJABHAU BONDRE,Maharashtra,CHIKHLI,ICS,INC(U),53243,M,1,7,4,TRUE,TRUE,56.06,18720,19.71,,4,7
AEMH111457,7,0,1990,BONDRE BHARAT RAJABHAU,Maharashtra,CHIKHLI,INC,ICS,60796,M,1,7,4,TRUE,TRUE,52.72,15999,13.87,,4,7
AEMH111457,8,0,1995,BONDRE BHARAT RAJABHAU,Maharashtra,CHIKHLI,IND,INC,25042,M,3,7,4,FALSE,TRUE,17.76,991,0.7,,4,7
AEMH111457,11,0,2009,BONDRE BHARAT RAJABHAU,Maharashtra,CHIKHLI,JSS,IND,21852,M,3,7,4,FALSE,FALSE,13.97,19329,12.36,66,4,7
AEMH113909,1,0,1962,RAJARA ANANT PATIL,Maharashtra,WALWA,INC,,44345,M,1,8,7,FALSE,FALSE,73.99,28756,47.98,,7,8
AEMH113909,3,0,1972,PATIL RAJARAM ANANT,Maharashtra,WALVA,INC,INC,65607,M,1,8,7,FALSE,FALSE,88.2,59644,80.18,,7,8
AEMH113909,4,0,1978,PATIL RAJARAM ANAND,Maharashtra,WALVA,JNP,INC,28637,M,2,8,7,TRUE,TRUE,31.23,6173,6.73,,7,8
AEMH113909,7,0,1990,PATIL JAYANT RAJARAM,Maharashtra,WALVA,INC,JNP,81018,M,1,8,7,TRUE,FALSE,60.12,32559,24.16,,7,8
AEMH113909,8,0,1995,PATIL JAYANT RAJARAM,Maharashtra,WALVA,INC,INC,94605,M,1,8,7,FALSE,TRUE,65.45,63211,43.73,,7,8
AEMH113909,9,0,1999,JAYANT RAJARAM PATIL,Maharashtra,WALVA,NCP,INC,83112,M,1,8,7,TRUE,TRUE,61.26,53950,39.77,,7,8
AEMH113909,10,0,2004,JAYANT RAJARAM PATIL,Maharashtra,WALVA,NCP,NCP,120830,M,1,8,7,FALSE,TRUE,74.43,85090,52.42,40,7,8
AEMH113909,11,0,2009,JAYANT RAJARAM PATIL,Maharashtra,ISLAMPUR,NCP,NCP,110673,M,1,8,7,FALSE,TRUE,64.61,54508,31.82,47,7,8
AEMH113995,1,0,1962,GANPATRAO ANNASAHEB DESHMUKH,Maharashtra,SANGOLA,PWP,,17800,M,1,8,7,FALSE,FALSE,50.52,2057,5.84,,7,8
AEMH113995,4,0,1978,DESHMUKH GANPATRAO ANNASAHEB,Maharashtra,SANGOLE,PWP,PWP,47625,M,1,8,7,FALSE,FALSE,63.69,21558,28.83,,7,8
AEMH113995,6,0,1985,GANPATRAO ANNASAHEB DESHMUKH,Maharashtra,SANGOLE,PWP,PWP,54816,M,1,8,7,FALSE,FALSE,54.41,8893,8.83,,7,8
AEMH113995,7,0,1990,DESHMUKH GANPATRAO ANNASAHEB,Maharashtra,SANGOLE,PWP,PWP,72341,M,1,8,7,FALSE,TRUE,55.4,16318,12.5,,7,8
AEMH113995,8,0,1995,DESHMUKH GANPATRAO ANNASAHEB,Maharashtra,SANGOLE,PWP,PWP,73718,M,2,8,7,FALSE,TRUE,48.13,71043,46.39,,7,8
AEMH113995,9,0,1999,DESHMUKH GANPATRAO ANNASAHEB,Maharashtra,SANGOLE,PWPI,PWP,93819,M,1,8,7,TRUE,FALSE,60.46,40334,25.99,,7,8
AEMH113995,10,0,2004,DESHMUKH GANPATRAO ANNASAHEB,Maharashtra,SANGOLE,PWPI,PWPI,100000,M,1,8,7,FALSE,TRUE,52.64,20596,10.84,77,7,8
AEMH113995,11,0,2009,GANAPATRAO ANNASAHEB DESHMUKH,Maharashtra,SANGOLE,PWPI,PWPI,86548,M,1,8,7,FALSE,TRUE,47.16,9804,5.34,82,7,8
AEMH114003,1,0,1962,NAMDEO MAHADEO JAGTAP,Maharashtra,KARMALA,INC,,14300,M,2,8,3,FALSE,FALSE,33.92,3004,7.12,,3,8
AEMH114003,4,0,1978,JAGTAP NAMDEORAO MAHADEORAO,Maharashtra,KARMALA,INC,INC,31589,M,1,8,3,FALSE,FALSE,51.94,4488,7.38,,3,8
AEMH114003,6,0,1985,NAMADEORAO MAHADEORAO JAGTAP,Maharashtra,KARMALA,INC,INC,23956,M,2,8,3,FALSE,FALSE,37.52,20929,32.78,,3,8
AEMH114003,7,0,1990,JAGTAP JAYVANTRAO NAMDEORAO,Maharashtra,KARMALA,IND,INC,35762,M,1,8,3,FALSE,FALSE,44.06,15092,18.59,,3,8
AEMH114003,8,0,1995,JAGTAP JAYAWANTRAO NAMDEORAO,Maharashtra,KARMALA,INC,IND,41485,M,2,8,3,FALSE,TRUE,39.87,25659,24.66,,3,8
AEMH114003,9,0,1999,JAGTAP JAYWANTRAO NAMDEVRAO,Maharashtra,KARMALA,INC,INC,43106,M,2,8,3,FALSE,FALSE,43.37,30599,30.78,,3,8
AEMH114003,10,0,2004,JAGTAP JAYAVANTRAO NAMDEVRAO,Maharashtra,KARMALA,SHS,INC,62692,M,1,8,3,TRUE,FALSE,49.23,3640,2.86,44,3,8
AEMH114003,11,0,2009,JAGTAP JAYWANTRAO NAMDEORAO,Maharashtra,KARMALA,SP,SHS,25491,M,3,8,3,TRUE,TRUE,15.32,11676,7.02,50,3,8
AEMH114565,1,0,1962,SHIVAJIRAO BHAURAO PATIL,Maharashtra,NILANGA,INC,,33125,M,1,9,7,FALSE,FALSE,57.23,8369,14.46,,7,9
AEMH114565,3,0,1972,PATIL SHIVAJIRAO BHAURAO,Maharashtra,NILANGA,INC,INC,34144,M,1,9,7,FALSE,FALSE,50.08,4086,5.99,,7,9
AEMH114565,4,0,1978,PATIL SHIVAJIRAO BHAURAO,Maharashtra,NILANGA,INC,INC,41664,M,1,9,7,FALSE,TRUE,49.1,5709,6.73,,7,9
AEMH114565,5,0,1980,PATIL SHIVAJIRAO BHAURAO,Maharashtra,NILANGA,INC(I),INC,43550,M,1,9,7,TRUE,TRUE,54.25,12975,16.16,,7,9
AEMH114565,7,0,1990,PATIL SHIVAJIRAO BHAURAO,Maharashtra,NILANGA,INC,INC(I),56312,M,1,9,7,TRUE,FALSE,52.86,13176,12.37,,7,9
AEMH114565,8,0,1995,PATIL SHIVAJIRAO BHAURAO,Maharashtra,NILANGA,INC,INC,39047,M,2,9,7,FALSE,TRUE,29.18,30485,22.78,,7,9
AEMH114565,9,0,1999,PATIL SHIVAJIRAO BHAURAO,Maharashtra,NILANGA,INC,INC,54705,M,1,9,7,FALSE,FALSE,45.32,22307,18.48,,7,9
AEMH114565,10,0,2004,NILANGEKAR PATIL SHIVAJIRAO BHAURAO,Maharashtra,NILANGA,INC,INC,63990,M,2,9,7,FALSE,TRUE,41.88,50898,33.31,71,7,9
AEMH114565,11,0,2009,NILANGEKAR PATIL SHIVAJIRAO BHAURAO,Maharashtra,NILANGA,INC,INC,78267,M,1,9,7,FALSE,FALSE,42.73,7504,4.1,79,7,9
AEMH84240,11,0,2009,VASAVE ARJUNSING DIVANSING,Maharashtra,NAWAPUR,BBM,,3670,M,5,1,0,FALSE,FALSE,2.08,1778,1.01,44,,1
AEMH84246,11,0,2009,JAGTAP DIPAK MANGYA,Maharashtra,SAKRI,PWPI,,7262,M,5,1,0,FALSE,FALSE,5.17,5273,3.76,31,,1
AEMH84280,11,0,2009,SANER SHAMKANT RAGHUNATH,Maharashtra,SINDKHEDA,INC,,34957,M,2,1,0,FALSE,FALSE,20.84,7139,4.26,38,,1
AEMH84332,11,0,2009,LALIT VIJAY KOLHE,Maharashtra,JALGAON RURAL,MNS,,13570,M,3,1,0,FALSE,FALSE,8.47,11070,6.91,35,,1
AEMH84334,11,0,2009,MANOJ DAYARAM CHAUDHARY,Maharashtra,JALGAON CITY,IND,,33301,M,2,1,0,FALSE,FALSE,27.22,15689,12.82,38,,1
AEMH84483,11,0,2009,PRADIP EKNATH AMBHORE,Maharashtra,MEHKAR,PWPI,,2534,M,4,1,0,FALSE,FALSE,1.61,789,0.5,48,,1
AEMH84752,11,0,2009,BALWANT BASWANT WANKHADE,Maharashtra,DARYAPUR,IND,,25948,M,2,1,0,FALSE,FALSE,17.26,5685,3.78,46,,1
AEMH84848,11,0,2009,KUNAWAR SAMIR TRYAMBAKRAO,Maharashtra,HINGANGHAT,IND,,49864,M,2,1,0,FALSE,FALSE,30.15,11179,6.76,41,,1
AEMH84863,11,0,2009,SHENDE SHEKHAR PRAMOD,Maharashtra,WARDHA,INC,,40420,M,2,1,0,FALSE,FALSE,27.48,18454,12.55,42,,1
AEMH85025,11,0,2009,VIKAS PANDURANG THAKRE,Maharashtra,NAGPUR SOUTH WEST,INC,,61483,M,2,1,0,FALSE,FALSE,35.14,50950,29.12,43,,1
AEMH85195,11,0,2009,TARAM RAMESH NARAYAN,Maharashtra,AMGAON,BJP,,58158,M,2,1,0,FALSE,FALSE,38.04,40460,26.46,34,,1
AEMH85238,11,0,2009,DHOTE SUBHASH RAMCHANDRARAO,Maharashtra,RAJURA,INC,,61476,M,1,1,1,FALSE,FALSE,34.05,16087,8.91,59,1,1
AEMH85429,11,0,2009,KHADASE VIJAYRAO YADAVRAO,Maharashtra,UMARKHED,INC,,66882,M,1,1,1,FALSE,FALSE,44.32,7375,4.89,53,1,1
AEMH85455,11,0,2009,JADHAV AKASH SUBHASH,Maharashtra,KINWAT,BBM,,1053,M,8,1,0,FALSE,FALSE,0.72,256,0.17,31,,1
AEMH85582,11,0,2009,KSHIRSAGAR BHIMRAO MARIBA,Maharashtra,BHOKAR,SHS,,6405,M,3,1,0,FALSE,FALSE,4.22,126,0.08,40,,1
AEMH85661,10,0,2004,BHAMBLE VIJAY MANIKRAO,Maharashtra,JINTUR,BSP,,20830,M,3,2,0,FALSE,FALSE,14.32,2323,1.6,29,,2
AEMH85661,11,0,2009,BHAMBLE VIJAY MANIKRAO,Maharashtra,JINTUR,IND,BSP,75202,M,2,2,0,FALSE,FALSE,38.5,44626,22.85,34,,2
AEMH85727,11,0,2009,RENGE MIRA KALYANRAO,Maharashtra,PATHRI,SHS,,89056,F,1,1,1,FALSE,FALSE,46.36,11025,5.74,40,1,1
AEMH86148,11,0,2009,GAVIT NIRMALA RAMESH,Maharashtra,IGATPURI,INC,,29155,F,1,1,1,FALSE,FALSE,23.46,3722,3,46,1,1
AEMH86200,11,0,2009,DHANVA SUNIL PANDUGRANG,Maharashtra,BOISAR,SHS,,40649,M,2,1,0,FALSE,FALSE,29.47,22545,16.34,37,,1
AEMH86400,11,0,2009,ASHA KISAN SHARNAGAT,Maharashtra,OVALA - MAJIWADA,BBM,,501,F,9,1,0,FALSE,FALSE,0.34,112,0.08,40,,1
AEMH86639,11,0,2009,RAIEES LASHKARIA,Maharashtra,ANDHERI WEST,MNS,,18236,M,3,1,0,FALSE,FALSE,15.01,7672,6.31,39,,1
AEMH86654,11,0,2009,SANDEEP SITARAM DALVI,Maharashtra,ANDHERI EAST,MNS,,25052,M,3,1,0,FALSE,FALSE,18.23,22230,16.17,37,,1
AEMH86691,11,0,2009,SHRI. DILIP BHAUSAHEB LANDE,Maharashtra,CHANDIVALI,MNS,,48901,M,2,1,0,FALSE,FALSE,30.57,26119,16.33,48,,1
AEMH86712,11,0,2009,KISHOR KASHINATH KARDAK,Maharashtra,GHATKOPAR EAST,BBM,,705,M,7,1,0,FALSE,FALSE,0.57,205,0.17,32,,1
AEMH86791,11,0,2009,MORE CHANDRAKANT GENU,Maharashtra,KALINA,MNS,,38284,M,2,1,0,FALSE,FALSE,32.66,24290,20.72,45,,1
AEMH86979,11,0,2009,ARVIND DNYANESHWAR GAWDE,Maharashtra,COLABA,MNS,,22756,M,3,1,0,FALSE,FALSE,23.07,21891,22.2,38,,1
AEMH86993,11,0,2009,PATIL KESARINATH VINAYAK,Maharashtra,PANVEL,MNS,,8818,M,3,1,0,FALSE,FALSE,5.37,7524,4.58,42,,1
AEMH87033,11,0,2009,DHAIRYASHIL MOHAN PATIL,Maharashtra,PEN,PWPI,,60757,M,1,1,1,FALSE,FALSE,34.19,7616,4.29,38,1,1
AEMH87362,11,0,2009,MILIND DATTA AHIRE,Maharashtra,PUNE CANTONMENT,BBM,,861,M,8,1,0,FALSE,FALSE,0.75,454,0.4,40,,1
AEMH87373,11,0,2009,ROHIT DIPAK TILAK,Maharashtra,KASBA PETH,INC,,46728,M,3,1,0,FALSE,FALSE,30.03,45332,29.14,30,,1
AEMH87643,11,0,2009,SANTOSH GANPATRAO NAGARGOJE,Maharashtra,LATUR RURAL,MNS,,2718,M,5,1,0,FALSE,FALSE,1.46,363,0.19,31,,1
AEMH87746,9,0,1999,ROCHKARI DEVANAND SAHEBRAO,Maharashtra,TULJAPUR,IND,,16079,M,3,3,0,FALSE,FALSE,16.92,5306,5.58,,,3
AEMH87746,10,0,2004,DEVANAND SAHEBRAO ROCHKARI,Maharashtra,TULJAPUR,SP,IND,37513,M,2,3,0,FALSE,FALSE,32.15,8634,7.4,44,,3
AEMH87746,11,0,2009,ROCHKARI DEVANAND SAHEBRAO,Maharashtra,TULJAPUR,PWPI,SP,45942,M,3,3,0,TRUE,FALSE,23.39,30277,15.42,52,,3
AEMH87861,11,0,2009,KOTHE MAHESH VISHNUPANT,Maharashtra,SOLAPUR CITY NORTH,INC,,52273,M,2,1,0,FALSE,FALSE,38.22,37649,27.53,45,,1
AEMH87897,10,0,2004,DILIP BRAMHADEO MANE,Maharashtra,SOLAPUR CITY SOUTH,IND,,24790,M,3,2,1,FALSE,FALSE,23.33,12713,11.96,45,1,2
AEMH87897,11,0,2009,DILIP BRAMHADEV MANE,Maharashtra,SOLAPUR SOUTH,INC,IND,72068,M,1,2,1,FALSE,FALSE,52.58,17662,12.89,49,1,2
AEMH88000,11,0,2009,JADHAV PURUSHOTTAM BAJIRAO,Maharashtra,WAI,SHS,,35452,M,3,1,0,FALSE,FALSE,17.85,26736,13.46,46,,1
AEMH88037,11,0,2009,ATUL SURESH BHOSALE,Maharashtra,KARAD NORTH,NCP,,60571,M,2,1,0,FALSE,FALSE,34.04,50489,28.37,26,,1
AEMH88264,11,0,2009,HONMORE BALASO DATTATRYA,Maharashtra,MIRAJ,INC,,42026,M,2,1,0,FALSE,FALSE,24.42,29000,16.85,42,,1
AEMH88331,11,0,2009,PADALKAR GOPICHAND KUNDLIK,Maharashtra,KHANAPUR,RSPS,,19024,M,3,1,0,FALSE,FALSE,10.34,14863,8.08,27,,1
AEMH88377,11,0,2009,PARADAKE VIJAYSING RUPSING,Maharashtra,AKKALKUWA,IND,,49714,M,2,1,0,FALSE,FALSE,34.69,24476,17.08,39,,1
AEMH88380,11,0,2009,VALVI MANGALSING KOMA,Maharashtra,AKKALKUWA,SHS,,6184,M,5,1,0,FALSE,FALSE,4.32,3033,2.12,44,,1
AEMH88385,11,0,2009,SHEVALE MOHANSING PAVANSING,Maharashtra,SHAHADA,CPM,,8274,M,4,1,0,FALSE,FALSE,5.72,4242,2.93,32,,1
AEMH88397,11,0,2009,NATAWADKAR SUHASINI SUHAS,Maharashtra,NANDURBAR,BJP,,75465,F,2,1,0,FALSE,FALSE,41.7,72508,40.06,42,,1
AEMH88401,11,0,2009,THAKARE TUKARAM BHAMTA,Maharashtra,NANDURBAR,BBM,,725,M,6,1,0,FALSE,FALSE,0.4,0,0,36,,1
AEMH88402,11,0,2009,GAVIT SHARAD KRUSHNARAO,Maharashtra,NAWAPUR,SP,,75719,M,1,1,1,FALSE,FALSE,42.94,1695,0.96,46,1,1
AEMH88405,11,0,2009,ANIL MOHAN VASAVE,Maharashtra,NAWAPUR,BJP,,6166,M,4,1,0,FALSE,FALSE,3.5,2496,1.42,39,,1
AEMH88410,11,0,2009,BHOYE YOGENDRA RESHAMA,Maharashtra,SAKRI,INC,,57542,M,1,1,1,FALSE,FALSE,40.99,18944,13.49,40,1,1
AEMH88411,11,0,2009,GAVIT MANJULA TULSHIRAM,Maharashtra,SAKRI,BJP,,38598,F,2,1,0,FALSE,FALSE,27.49,22662,16.14,45,,1
AEMH88435,11,0,2009,KELE GOPAL KASHINATH (BAPU KELE),Maharashtra,DHULE CITY,SHS,,17771,M,4,1,0,FALSE,FALSE,13.03,17025,12.48,57,,1
AEMH88437,11,0,2009,KAILAS LIMABAJI KADAM,Maharashtra,DHULE CITY,MNS,,738,M,6,1,0,FALSE,FALSE,0.54,113,0.08,47,,1
AEMH88453,11,0,2009,KASHIRAM VECHAN PAWARA,Maharashtra,SHIRPUR,INC,,92088,M,1,1,1,FALSE,FALSE,59.07,39813,25.54,43,1,1
AEMH88454,11,0,2009,PAWARA RANJITSINH BHARTSINH,Maharashtra,SHIRPUR,BJP,,52275,M,2,1,0,FALSE,FALSE,33.53,49340,31.65,46,,1
AEMH88462,11,0,2009,JAGDISHCHANDRA RAMESH WALVI (JAGDISHBHAU),Maharashtra,CHOPDA,NCP,,69636,M,1,1,1,FALSE,FALSE,43.18,14838,9.2,46,1,1
AEMH88463,11,0,2009,SALUNKE DNYANESHWAR PITAMBAR (D. P. SALUNKE SIR),Maharashtra,CHOPDA,SHS,,54798,M,2,1,0,FALSE,FALSE,33.98,35500,22.01,43,,1
AEMH88464,11,0,2009,DR. BARELA CHANDRAKANT JAMSING,Maharashtra,CHOPDA,MNS,,19298,M,3,1,0,FALSE,FALSE,11.97,9666,5.99,26,,1
AEMH88471,11,0,2009,SHOBHATAI VILAS PATIL,Maharashtra,RAVER,BJP,,32579,F,2,1,0,FALSE,FALSE,21.2,3941,2.56,51,,1
AEMH88477,11,0,2009,KACHHI KARIM KASAM,Maharashtra,RAVER,BBM,,1419,M,8,1,0,FALSE,FALSE,0.92,190,0.12,52,,1
AEMH88486,11,0,2009,SAVKARE SANJAY WAMAN,Maharashtra,BHUSAWAL,NCP,,61875,M,1,1,1,FALSE,FALSE,47.03,3903,2.97,40,1,1
AEMH88487,11,0,2009,AD. RAJESH DHANAJI ZALTE,Maharashtra,BHUSAWAL,SHS,,57972,M,2,1,0,FALSE,FALSE,44.06,55927,42.51,39,,1
AEMH88496,11,0,2009,MOHAN GIRDHAR NIKAM,Maharashtra,BHUSAWAL,BBM,,510,M,11,1,0,FALSE,FALSE,0.39,87,0.07,45,,1
AEMH88504,11,0,2009,PATEL SALIM BAPUMIYA,Maharashtra,JALGAON CITY,INC,,17612,M,3,1,0,FALSE,FALSE,14.39,15313,12.51,48,,1
AEMH88512,11,0,2009,DEOKAR GULABRAO BABURAO,Maharashtra,JALGAON RURAL,NCP,,71556,M,1,1,1,FALSE,FALSE,44.65,4562,2.85,53,1,1
AEMH88518,11,0,2009,AMITKUMAR SHAMRAO SALUNKHE,Maharashtra,JALGAON RURAL,LKSGM,,1348,M,7,1,0,FALSE,FALSE,0.84,0,0,26,,1
AEMH88519,11,0,2009,KRUSHIBHUSHAN SAHEBRAO PATIL,Maharashtra,AMALNER,IND,,55084,M,1,1,1,FALSE,FALSE,37.3,10463,7.08,57,1,1
AEMH88520,11,0,2009,ANIL BHAIDAS PATIL,Maharashtra,AMALNER,BJP,,44621,M,2,1,0,FALSE,FALSE,30.21,19012,12.87,41,,1
AEMH88521,10,0,2004,ADV PATIL LALITA SHYAM,Maharashtra,AMALNER,INC,,50371,F,2,2,0,FALSE,FALSE,40.7,36023,29.11,34,,2
AEMH88521,11,0,2009,ADV.MRS.LALITA SHAM PATIL,Maharashtra,AMALNER,INC,INC,25609,F,3,2,0,FALSE,FALSE,17.34,15187,10.28,38,,2
AEMH88523,11,0,2009,DR.DIPAK PANDHARINATH PATIL,Maharashtra,AMALNER,MNS,,3714,M,5,1,0,FALSE,FALSE,2.51,1399,0.95,29,,1
AEMH88545,11,0,2009,DESHMUKH RAJIV ANIL,Maharashtra,CHALISGAON,NCP,,86505,M,1,1,1,FALSE,FALSE,48.91,8400,4.75,38,1,1
AEMH88546,11,0,2009,RATHOD WADILAL PARASHRAM,Maharashtra,CHALISGAON,BJP,,78105,M,2,1,0,FALSE,FALSE,44.16,74360,42.04,64,,1
AEMH88571,8,0,1995,EKNATHRAO GANAPATRAO KHADASE,Maharashtra,EDLABAD,BJP,,67086,M,1,3,3,FALSE,FALSE,51.59,17559,13.5,,3,3
AEMH88571,10,0,2004,PATIL EKNATHRAO GANPATRAOKHADASE,Maharashtra,EDLABAD,BJP,BJP,69006,M,1,3,3,FALSE,FALSE,47.74,1849,1.28,52,3,3
AEMH88571,11,0,2009,EKNATHRAO GANPATRAO KHADSE,Maharashtra,MUKTAINAGAR,BJP,BJP,85708,M,1,3,3,FALSE,TRUE,50.92,18389,10.92,58,3,3
AEMH88573,11,0,2009,DR.JAGDISH TUKARAM PATIL,Maharashtra,MUKTAINAGAR,MNS,,5786,M,3,1,0,FALSE,FALSE,3.44,2778,1.65,45,,1
AEMH88579,10,0,2004,INGALE SURESH HIRAMAN,Maharashtra,EDLABAD,BBM,,2076,M,5,2,0,FALSE,FALSE,1.44,1379,0.95,30,,2
AEMH88579,11,0,2009,INGALE SURESH HIRAMAN,Maharashtra,MUKTAINAGAR,BBM,BBM,444,M,9,2,0,FALSE,FALSE,0.26,131,0.08,41,,2
AEMH88581,11,0,2009,PRATAP SAKHARAM PATIL,Maharashtra,MUKTAINAGAR,JSS,,215,M,11,1,0,FALSE,FALSE,0.13,33,0.02,41,,1
AEMH88586,11,0,2009,SHIVCHANDRA TEJRAO TAYADE,Maharashtra,MALKAPUR,INC,,49190,M,2,1,0,FALSE,FALSE,32.11,17960,11.72,40,,1
AEMH88602,11,0,2009,SONONE SHRIKRISHNA SUPADA,Maharashtra,BULDHANA,SWP,,4449,M,3,1,0,FALSE,FALSE,3.13,1654,1.16,47,,1
AEMH88607,11,0,2009,VIJAYRAO RAMKRUSHNRAO KALE,Maharashtra,BULDHANA,BBM,,1475,M,8,1,0,FALSE,FALSE,1.04,441,0.31,38,,1
AEMH88614,10,0,2004,BONDRE RAHUL SIDDHVINAYAK,Maharashtra,CHIKHLI,INC,,67885,M,2,2,1,FALSE,FALSE,43.22,56654,36.07,34,1,2
AEMH88614,11,0,2009,BONDRE RAHUL SIDDHAVINAYAK,Maharashtra,CHIKHLI,INC,INC,76465,M,1,2,1,FALSE,FALSE,48.88,27916,17.84,39,1,2
AEMH88624,11,0,2009,SAWALE SAMADHAN MANIKRAO,Maharashtra,CHIKHLI,SP,,293,M,11,1,0,FALSE,FALSE,0.19,67,0.04,55,,1
AEMH88627,11,0,2009,KHEDEKAR DR SHASHIKANT NARSINGH,Maharashtra,SINDKHED RAJA,SHS,,57658,M,2,1,0,FALSE,FALSE,33.39,32825,19.01,53,,1
AEMH88628,11,0,2009,VINODBHAU LAXMAN WAGH,Maharashtra,SINDKHED RAJA,MNS,,24833,M,3,1,0,FALSE,FALSE,14.38,20219,11.71,29,,1
AEMH88633,11,0,2009,DR. SANJAY BHASKAR RAIMULKAR,Maharashtra,MEHKAR,SHS,,91475,M,1,1,1,FALSE,FALSE,57.97,33095,20.97,42,1,1
AEMH88634,11,0,2009,ADV. SAHEBRAO ASHRUJI SARDAR,Maharashtra,MEHKAR,NCP,,58380,M,2,1,0,FALSE,FALSE,37,55758,35.34,58,,1
AEMH88641,11,0,2009,ASHOK SHAMRAO SONONE,Maharashtra,KHAMGAON,BBM,,44269,M,3,1,0,FALSE,FALSE,25.82,42589,24.84,48,,1
AEMH88643,11,0,2009,VITTHALRAO BABURAO LOKHANDKAR,Maharashtra,KHAMGAON,MNS,,1677,M,5,1,0,FALSE,FALSE,0.98,822,0.48,45,,1
AEMH88650,10,0,2004,DR KUTE SANJAY SHREERAM,Maharashtra,JALAMB,BJP,,50267,M,1,2,2,FALSE,FALSE,35.09,6801,4.75,36,2,2
AEMH88650,11,0,2009,DR. KUTE SANJAY SHRIRAM,Maharashtra,JALGAON (JAMOD),BJP,BJP,49224,M,1,2,2,FALSE,TRUE,31.02,4047,2.55,40,2,2
AEMH88651,11,0,2009,PRASENJIT KISAN TAYADE,Maharashtra,JALGAON (JAMOD),BBM,,45177,M,2,1,0,FALSE,FALSE,28.47,1957,1.23,45,,1
AEMH88652,11,0,2009,BURUNGLE RAMVIJAY DNYANESHWAR,Maharashtra,JALGAON (JAMOD),INC,,43220,M,3,1,0,FALSE,FALSE,27.24,37223,23.46,42,,1
AEMH88660,11,0,2009,SHIVSING VITTHALSING JADHAV,Maharashtra,JALGAON (JAMOD),PWPI,,689,M,11,1,0,FALSE,FALSE,0.43,18,0.01,65,,1
AEMH88670,11,0,2009,GAWANDE SANJAY LAXMAN,Maharashtra,AKOT,SHS,,37834,M,1,1,1,FALSE,FALSE,25.56,965,0.65,42,1,1
AEMH88672,11,0,2009,MANKAR PRABHAKAR TULSHIRAM,Maharashtra,AKOT,BBM,,32629,M,3,1,0,FALSE,FALSE,22.04,214,0.14,57,,1
AEMH88674,11,0,2009,GAJANAN GOPALRAO PUNDKAR,Maharashtra,AKOT,MNS,,2216,M,5,1,0,FALSE,FALSE,1.5,680,0.46,48,,1
AEMH88683,11,0,2009,KHATEEB RAJAYA BEGUM NATIQUODDIN,Maharashtra,BALAPUR,INC,,37991,F,2,1,0,FALSE,FALSE,26.72,7500,5.28,52,,1
AEMH88685,11,0,2009,NITINKUMAR BHIKANRAO TALE,Maharashtra,BALAPUR,JSS,,25022,M,4,1,0,FALSE,FALSE,17.6,23308,16.4,35,,1
AEMH88686,11,0,2009,PRASHANT KASHIRAM LOTHE,Maharashtra,BALAPUR,MNS,,1714,M,5,1,0,FALSE,FALSE,1.21,380,0.27,37,,1
AEMH88698,9,0,1999,AZHAR HUSAIN,Maharashtra,AKOLA,INC,,49131,M,2,2,0,FALSE,FALSE,44.02,41423,37.12,,,2
AEMH88698,11,0,2009,AZHAR HUSAIN,Maharashtra,AKOLA WEST,JSS,INC,23060,M,3,2,0,TRUE,FALSE,18.38,11151,8.89,61,,2
AEMH88699,11,0,2009,HAJI SAJJAD HUSEN ALTAF HUSEN,Maharashtra,AKOLA WEST,BBM,,11909,M,4,1,0,FALSE,FALSE,9.49,6249,4.98,41,,1
AEMH88700,11,0,2009,PANKAJ DNYANESH SABLE,Maharashtra,AKOLA WEST,MNS,,5660,M,5,1,0,FALSE,FALSE,4.51,2907,2.32,26,,1
AEMH88701,11,0,2009,NAKIRKHA AHEMADKHA,Maharashtra,AKOLA WEST,SP,,2753,M,6,1,0,FALSE,FALSE,2.19,1175,0.94,29,,1
AEMH88713,11,0,2009,VIJAY ALIAS DADARAO NARAYANRAO MATE (PATIL),Maharashtra,AKOLA EAST,INC,,29511,M,3,1,0,FALSE,FALSE,19.93,446,0.3,55,,1
AEMH88714,11,0,2009,VIJAY OMKARRAO MALOKAR,Maharashtra,AKOLA EAST,JSS,,29065,M,4,1,0,FALSE,FALSE,19.63,27616,18.65,55,,1
AEMH88727,11,0,2009,HARISH MAROTIAPPA PIMPALE,Maharashtra,MURTIJAPUR,BJP,,50333,M,1,1,1,FALSE,FALSE,39.13,15358,11.94,32,1,1
AEMH88728,11,0,2009,PALASPAGAR BALDEV SUKHAEV,Maharashtra,MURTIJAPUR,BBM,,34975,M,2,1,0,FALSE,FALSE,27.19,344,0.27,40,,1
AEMH88729,11,0,2009,AWACHAR PRATIBHA PRABHAKAR,Maharashtra,MURTIJAPUR,NCP,,34631,F,3,1,0,FALSE,FALSE,26.92,30615,23.8,38,,1
AEMH88740,11,0,2009,KAYANDE LAXMANRAO SAMBHAJI,Maharashtra,RISOD,BBM,,6977,M,4,1,0,FALSE,FALSE,4.38,1824,1.14,63,,1
AEMH88741,11,0,2009,BHARAT UDDHAVRAO PATIL,Maharashtra,RISOD,MNS,,5153,M,5,1,0,FALSE,FALSE,3.23,1746,1.1,34,,1
AEMH88744,11,0,2009,MEDSHIKAR MUKUNDRAO SAMPATRAO,Maharashtra,RISOD,JSS,,1761,M,8,1,0,FALSE,FALSE,1.11,945,0.59,67,,1
AEMH88751,11,0,2009,DR. ALKA SATYABHAN MAKASARE,Maharashtra,WASHIM,INC,,40945,F,2,1,0,FALSE,FALSE,27.08,20300,13.42,34,,1
AEMH88754,11,0,2009,GAWAI MADHAO SAMARTH,Maharashtra,WASHIM,BBM,,1846,M,5,1,0,FALSE,FALSE,1.22,333,0.22,61,,1
AEMH88775,11,0,2009,SABLE BAPURAO KARAPAJI,Maharashtra,KARANJA,PWPI,,384,M,12,1,0,FALSE,FALSE,0.24,8,0,55,,1
AEMH88787,11,0,2009,PIMPALE CHANDRASHEKHAR NAGORAO,Maharashtra,DHAMAMGAON RAILWAY,MNS,,3571,M,6,1,0,FALSE,FALSE,1.96,1872,1.03,43,,1
AEMH88796,11,0,2009,RAVI RANA,Maharashtra,BADNERA,IND,,73031,M,1,1,1,FALSE,FALSE,46.95,18771,12.07,33,1,1
AEMH88798,11,0,2009,SUDHIR NARAYANRAO SURYAWANSHI,Maharashtra,BADNERA,SHS,,17582,M,3,1,0,FALSE,FALSE,11.3,13373,8.6,44,,1
AEMH88800,10,0,2004,ATHAWALEY SANJAY HIRAMANJI,Maharashtra,TEOSA,BBM,,1245,M,10,2,0,FALSE,FALSE,1.1,668,0.59,41,,2
AEMH88800,11,0,2009,ATHAWALEY SANJAY HIRAMANJI,Maharashtra,BADNERA,BBM,BBM,1433,M,5,2,0,FALSE,FALSE,0.92,518,0.33,46,,2
AEMH88811,11,0,2009,RAOSAHEB SHEKHAWAT,Maharashtra,AMRAVATI,INC,,61331,M,1,1,1,FALSE,FALSE,43.76,5614,4.01,43,1,1
AEMH88813,11,0,2009,SHINGORE PRADEEP BALWANTRAO,Maharashtra,AMRAVATI,BJP,,16024,M,3,1,0,FALSE,FALSE,11.43,13920,9.93,56,,1
AEMH88816,11,0,2009,SHEKH AKABAR SHEKH ISMAILE,Maharashtra,AMRAVATI,BBM,,818,M,6,1,0,FALSE,FALSE,0.58,242,0.17,40,,1
AEMH88825,11,0,2009,ADV. YASHOMATI THAKUR,Maharashtra,TEOSA,INC,,73054,F,1,1,1,FALSE,FALSE,49.32,26130,17.64,35,1,1
AEMH88835,11,0,2009,INGLE VIJAY MAROTRAO,Maharashtra,TEOSA,BBM,,613,M,11,1,0,FALSE,FALSE,0.41,284,0.19,47,,1
AEMH88837,11,0,2009,CAPT.ABHIJIT ANANDRAO ADSUL,Maharashtra,DARYAPUR,SHS,,40606,M,1,1,1,FALSE,FALSE,27.01,14658,9.75,29,1,1
AEMH88840,11,0,2009,GOPAL RAMKRUSHNA CHANDAN,Maharashtra,DARYAPUR,MNS,,13857,M,4,1,0,FALSE,FALSE,9.22,953,0.63,36,,1
AEMH88842,11,0,2009,ABHYANKAR JAGNNATH MOTIRAM,Maharashtra,DARYAPUR,BBM,,10620,M,6,1,0,FALSE,FALSE,7.07,6332,4.21,61,,1
AEMH88862,11,0,2009,KALE KEWALRAM TULSHIRAM,Maharashtra,MELGHAT,INC,,63619,M,1,1,1,FALSE,FALSE,43.51,710,0.49,46,1,1
AEMH88865,11,0,2009,MAWASKAR HIRALAL SAKHARAM,Maharashtra,MELGHAT,JSS,,5346,M,4,1,0,FALSE,FALSE,3.66,2732,1.87,47,,1
AEMH88874,11,0,2009,ANANTRAO GUDHE,Maharashtra,ACHALPUR,SHS,,24824,M,3,1,0,FALSE,FALSE,16.36,21993,14.5,53,,1
AEMH88878,11,0,2009,PATIL PRAFULL SHRIRAM,Maharashtra,ACHALPUR,RSPS,,901,M,7,1,0,FALSE,FALSE,0.59,52,0.03,43,,1
AEMH88908,11,0,2009,SARANG PRAKASH YAWALKAR,Maharashtra,MORSHI,BBM,,417,M,16,1,0,FALSE,FALSE,0.25,72,0.04,32,,1
AEMH88916,11,0,2009,NAMDEO NATHUJI MESHRAM,Maharashtra,ARVI,BBM,,1688,M,6,1,0,FALSE,FALSE,1.08,634,0.41,60,,1
AEMH88923,11,0,2009,TADAS RAMDAS CHANDRABHAN,Maharashtra,DEOLI,BJP,,54829,M,2,1,0,FALSE,FALSE,36.88,39072,26.28,55,,1
AEMH88938,11,0,2009,SANJAY KESHAORAO MADE,Maharashtra,HINGANGHAT,MNS,,1062,M,8,1,0,FALSE,FALSE,0.64,40,0.02,33,,1
AEMH88943,11,0,2009,CHANDRASHEKHAR ALIAS RAJU WASUDEORAO HARDAS,Maharashtra,HINGANGHAT,BBM,,489,M,13,1,0,FALSE,FALSE,0.3,0,0,51,,1
AEMH88949,11,0,2009,HEDAU AJAY NAMDEORAO,Maharashtra,WARDHA,MNS,,2782,M,6,1,0,FALSE,FALSE,1.89,110,0.07,37,,1
AEMH88958,11,0,2009,CHARANSING BABULALJI THAKUR,Maharashtra,KATOL,RPI(A),,35940,M,2,1,0,FALSE,FALSE,22.43,4568,2.85,51,,1
AEMH88973,11,0,2009,DESHMUKH ASHISH RANJIT,Maharashtra,SAVNER,BJP,,78980,M,2,1,0,FALSE,FALSE,45.14,72281,41.31,35,,1
AEMH88980,11,0,2009,SHELARE PANKAJ PANDURANG,Maharashtra,SAVNER,SP,,406,M,9,1,0,FALSE,FALSE,0.23,10,0.01,33,,1
AEMH88982,11,0,2009,GHODMARE VIJAYBABU PANDURANGJI,Maharashtra,HINGNA,BJP,,65039,M,1,1,1,FALSE,FALSE,40.29,700,0.43,53,1,1
AEMH88997,11,0,2009,PARWE SUDHIR LAXMAN,Maharashtra,UMRED,BJP,,85416,M,1,1,1,FALSE,FALSE,49.03,44696,25.66,40,1,1
AEMH88998,11,0,2009,MESHRAM SHRIRISH MAHADEORAO,Maharashtra,UMRED,INC,,40720,M,2,1,0,FALSE,FALSE,23.37,24777,14.22,52,,1
AEMH89011,11,0,2009,GAUTAM BHIKAJI WASNIK,Maharashtra,UMRED,BBM,,483,M,15,1,0,FALSE,FALSE,0.28,77,0.04,51,,1
AEMH89032,11,0,2009,DINANATH DEORAO PADOLE,Maharashtra,NAGPUR SOUTH,INC,,69711,M,1,1,1,FALSE,FALSE,44.37,30395,19.35,57,1,1
AEMH89033,11,0,2009,KISHOR RATANLAL KUMERIYA,Maharashtra,NAGPUR SOUTH,SHS,,39316,M,2,1,0,FALSE,FALSE,25.02,23298,14.83,32,,1
AEMH89038,11,0,2009,SANJAY LAXMAN PATIL,Maharashtra,NAGPUR SOUTH,MNS,,3364,M,7,1,0,FALSE,FALSE,2.14,2089,1.33,43,,1
AEMH89050,11,0,2009,KRISHNA KHOPDE,Maharashtra,NAGPUR EAST,BJP,,88814,M,1,1,1,FALSE,FALSE,55.15,35216,21.87,50,1,1
AEMH89053,11,0,2009,MORESHWAR/MAMA GULABRAO DHOTE,Maharashtra,NAGPUR EAST,MNS,,3196,M,4,1,0,FALSE,FALSE,1.98,1361,0.85,45,,1
AEMH89054,11,0,2009,ANIL RAVISHANKAR PANDE,Maharashtra,NAGPUR EAST,SP,,1835,M,5,1,0,FALSE,FALSE,1.14,194,0.12,42,,1
AEMH89056,11,0,2009,MESHRAM DEVENDRA JAYGOPAL,Maharashtra,NAGPUR EAST,BBM,,1566,M,7,1,0,FALSE,FALSE,0.97,259,0.16,43,,1
AEMH89069,11,0,2009,DR. RAMCHANDRA ALIAS RAJU NARENDRA DEOGHARE,Maharashtra,NAGPUR CENTRAL,INC,,45521,M,2,1,0,FALSE,FALSE,29.48,21487,13.92,47,,1
AEMH89073,11,0,2009,KISHOR RUSHISAO PARATE,Maharashtra,NAGPUR CENTRAL,MNS,,4212,M,6,1,0,FALSE,FALSE,2.73,2497,1.62,46,,1
AEMH89081,11,0,2009,ANIL DHONDUJI MACHHALE,Maharashtra,NAGPUR CENTRAL,SP,,454,M,14,1,0,FALSE,FALSE,0.29,24,0.02,40,,1
AEMH89091,6,0,1985,DESHMUKH SUDHAKAR SHAMRAOJI,Maharashtra,KALMESHWAR,ICS,,30975,M,2,2,1,FALSE,FALSE,42.19,27125,36.95,,1,2
AEMH89091,11,0,2009,DESHMUKH SUDHAKAR SHAMRAO,Maharashtra,NAGPUR WEST,BJP,ICS,59955,M,1,2,1,TRUE,FALSE,37.39,1979,1.23,56,1,2
AEMH89092,7,0,1990,ANEES AHMED,Maharashtra,NAGPUR CENTRAL,INC,,22317,M,2,3,1,FALSE,FALSE,31.53,12182,17.21,,1,3
AEMH89092,8,0,1995,ANEES M. AHMED,Maharashtra,NAGPUR CENTRAL,INC,INC,34975,M,1,3,1,FALSE,FALSE,35.4,8447,8.55,,1,3
AEMH89092,11,0,2009,ANEES AHMED,Maharashtra,NAGPUR WEST,INC,INC,57976,M,2,3,1,FALSE,FALSE,36.16,36112,22.52,47,1,3
AEMH89103,11,0,2009,DR. NITIN RAUT,Maharashtra,NAGPUR NORTH,INC,,57929,M,1,1,1,FALSE,FALSE,37.52,17862,11.57,56,1,1
AEMH89125,10,0,2004,BAWANKULE CHANDRASHEKHAR KRUSHNARAO,Maharashtra,KAMPTEE,BJP,,56128,M,1,2,2,FALSE,FALSE,34.86,7394,4.59,35,2,2
AEMH89125,11,0,2009,CHANDRASHEKHAR KRISHNARAO BAWANKULE,Maharashtra,KAMTHI,BJP,BJP,95080,M,1,2,2,FALSE,TRUE,49.36,31093,16.14,40,2,2
AEMH89143,11,0,2009,RAJUBHAU (RAJESH) MANIK THAKARE,Maharashtra,RAMTEK,MNS,,1167,M,9,1,0,FALSE,FALSE,0.76,34,0.02,32,,1
AEMH89156,11,0,2009,BAWANKAR ANIL FATTU,Maharashtra,TUMSAR,INC,,66557,M,1,1,1,FALSE,FALSE,37.26,6617,3.7,49,1,1
AEMH89168,11,0,2009,BHONDEKAR NARENDRA BHOJRAJ,Maharashtra,BHANDARA,SHS,,103880,M,1,1,1,FALSE,FALSE,52.58,51554,26.09,30,1,1
AEMH89169,11,0,2009,GADKARI MAHENDRA HUSANJI,Maharashtra,BHANDARA,NCP,,52326,M,2,1,0,FALSE,FALSE,26.48,27827,14.08,59,,1
AEMH89192,11,0,2009,GODSE UMEDH TIKARAM,Maharashtra,SAKOLI,BBM,,848,M,10,1,0,FALSE,FALSE,0.42,333,0.16,35,,1
AEMH89197,11,0,2009,BADOLE RAJKUMAR SUDAM,Maharashtra,ARJUNI-MORGAON,BJP,,69856,M,1,1,1,FALSE,FALSE,46.6,16307,10.88,47,1,1
AEMH89198,11,0,2009,RAUT RAMLAL BUDHAJI,Maharashtra,ARJUNI-MORGAON,INC,,53549,M,2,1,0,FALSE,FALSE,35.72,43121,28.77,60,,1
AEMH89204,11,0,2009,SHUDHODAN RAJARAM SHAHARE,Maharashtra,ARJUNI-MORGAON,JSS,,801,M,8,1,0,FALSE,FALSE,0.53,349,0.23,37,,1
AEMH89209,11,0,2009,RAHANGDALE SUSHILKUMAR SUKHADEV,Maharashtra,TIRORA,NCP,,55827,M,2,1,0,FALSE,FALSE,38.85,30300,21.09,35,,1
AEMH89246,11,0,2009,CHANDEL SURENDRASINGH BAJRANGSINGH,Maharashtra,ARMORI,IND,,35702,M,2,1,0,FALSE,FALSE,24.6,18769,12.93,40,,1
AEMH89247,11,0,2009,RANDHAYE SHRAVAN SITARAM,Maharashtra,ARMORI,SHS,,16933,M,3,1,0,FALSE,FALSE,11.67,2694,1.86,65,,1
AEMH89256,11,0,2009,WASUDEV SAKHARAM WARKHADE,Maharashtra,ARMORI,MNS,,1168,M,12,1,0,FALSE,FALSE,0.8,455,0.31,52,,1
AEMH89269,11,0,2009,BAJIRAO MITUJI KUMARE,Maharashtra,AHERI,BJP,,7583,M,4,1,0,FALSE,FALSE,5.96,3699,2.91,61,,1
AEMH89275,11,0,2009,ADV. SANJAY YADAORAO DHOTE,Maharashtra,RAJURA,STBP,,45389,M,2,1,0,FALSE,FALSE,25.14,27633,15.31,49,,1
AEMH89278,11,0,2009,THAKARE SURAJ ARVIND,Maharashtra,RAJURA,MNS,,10048,M,5,1,0,FALSE,FALSE,5.57,2581,1.43,28,,1
AEMH89279,11,0,2009,NAWALE ARUN NARAYAN,Maharashtra,RAJURA,SHS,,7467,M,6,1,0,FALSE,FALSE,4.14,738,0.41,52,,1
AEMH89283,11,0,2009,GOVARDHAN SURAJMAL CHAVHAN,Maharashtra,RAJURA,JSS,,3346,M,10,1,0,FALSE,FALSE,1.85,437,0.24,47,,1
AEMH89289,11,0,2009,RAMTEKE BITA GHANSHAM,Maharashtra,CHANDRAPUR,INC,,51845,F,2,1,0,FALSE,FALSE,34.02,37810,24.81,58,,1
AEMH89291,6,0,1985,KHOBRAGADE GIRISH DEWAJI,Maharashtra,CHANDRAPUR,RPK,,27133,M,2,2,0,FALSE,FALSE,29.09,12263,13.15,,,2
AEMH89291,11,0,2009,KHOBRAGADE DESHAK GIRISH,Maharashtra,CHANDRAPUR,BBM,RPK,3865,M,4,2,0,TRUE,FALSE,2.54,853,0.56,38,,2
AEMH89309,11,0,2009,PUGLIYA RAHUL NARESH,Maharashtra,BALLARPUR,INC,,61460,M,2,1,0,FALSE,FALSE,35.47,50539,29.17,32,,1
AEMH89317,11,0,2009,GADDAMWAR SANDEEP WAMANRAO,Maharashtra,BRAHMAPURI,IND,,44845,M,2,1,0,FALSE,FALSE,29.82,14580,9.7,43,,1
AEMH89318,11,0,2009,GUDDEWAR PANKAJ MADHUKAR,Maharashtra,BRAHMAPURI,INC,,30265,M,3,1,0,FALSE,FALSE,20.13,22965,15.27,31,,1
AEMH89324,9,0,1999,UDDHAORAO ANTARAM SHINGADE,Maharashtra,BRAHMAPURI,BJP,,46218,M,1,2,1,FALSE,FALSE,34.84,18612,14.03,,1,2
AEMH89324,11,0,2009,SHINGADE UDDHAORAO ANTARAM,Maharashtra,BRAHMAPURI,JSS,BJP,1426,M,9,2,1,TRUE,FALSE,0.95,542,0.36,59,1,2
AEMH89331,11,0,2009,VASANTBHAU NARAYAN WARJURKAR,Maharashtra,CHIMUR,BJP,,58725,M,2,1,0,FALSE,FALSE,34.74,47525,28.11,46,,1
AEMH89346,11,0,2009,SURESH ALIAS BALUBHAU NARAYAN DHANORKAR,Maharashtra,WARORA,SHS,,48164,M,2,1,0,FALSE,FALSE,30.86,17182,11.01,34,,1
AEMH89350,11,0,2009,KOMBE DATTATRAY GAJANANRAO,Maharashtra,WARORA,MNS,,2855,M,6,1,0,FALSE,FALSE,1.83,372,0.24,41,,1
AEMH89358,11,0,2009,DHANRAJ KISAN VIRUTKAR,Maharashtra,WARORA,SP,,624,M,14,1,0,FALSE,FALSE,0.4,31,0.02,46,,1
AEMH89365,11,0,2009,RAJU UMBARKAR,Maharashtra,WANI,MNS,,11320,M,4,1,0,FALSE,FALSE,6.49,5095,2.92,34,,1
AEMH89370,11,0,2009,PUNDLIK SHRAVAN SATHE,Maharashtra,WANI,BBM,,1261,M,9,1,0,FALSE,FALSE,0.72,91,0.05,72,,1
AEMH89377,11,0,2009,ASHOK RAMAJI WOOIKE,Maharashtra,RALEGAON,IND,,34204,M,2,1,0,FALSE,FALSE,21.74,1563,0.99,45,,1
AEMH89378,11,0,2009,BABASAHEB JANGLAJI KANGALE,Maharashtra,RALEGAON,BJP,,32641,M,3,1,0,FALSE,FALSE,20.75,27223,17.3,59,,1
AEMH89391,11,0,2009,NILESH SHIVRAM DESHMUKH PARVEKAR,Maharashtra,YAVATMAL,INC,,56370,M,1,1,1,FALSE,FALSE,34.69,19875,12.23,37,1,1
AEMH89404,11,0,2009,AHEMADKHA SHERKHA PATHAN,Maharashtra,YAVATMAL,BBM,,712,M,14,1,0,FALSE,FALSE,0.44,163,0.1,31,,1
AEMH89411,11,0,2009,KHEMCHAND SOMAJI PAWAR,Maharashtra,YAVATMAL,SP,,149,M,21,1,0,FALSE,FALSE,0.09,23,0.01,40,,1
AEMH89413,11,1,2013,D.P. Nandini Nilesh (E),Maharashtra,YAVATMAL,INC,,62509,"",1,1,1,FALSE,FALSE,53.19,15231,12.96,,1,1
AEMH89414,11,1,2013,M.M. Yerawar,Maharashtra,YAVATMAL,BJP,,47278,"",2,1,0,FALSE,FALSE,40.23,44149,37.57,,,1
AEMH89427,11,0,2009,ALAMKHAN HAJIMIYAKHAN PATHAN,Maharashtra,DIGRAS,BBM,,1491,M,5,1,0,FALSE,FALSE,0.78,37,0.02,40,,1
AEMH89428,11,0,2009,JADHAV MADHAV BHOJU,Maharashtra,DIGRAS,MNS,,1454,M,6,1,0,FALSE,FALSE,0.76,179,0.09,52,,1
AEMH89442,11,0,2009,SIDAM GOVINDA GANGARAM,Maharashtra,ARNI,CPM,,3080,M,6,1,0,FALSE,FALSE,1.84,485,0.29,61,,1
AEMH89444,11,0,2009,DR. VISHNU SHANKARRAO UKANDE,Maharashtra,ARNI,JSS,,1554,M,8,1,0,FALSE,FALSE,0.93,495,0.3,26,,1
AEMH89447,11,0,2009,MANOHAR NAIK,Maharashtra,PUSAD,NCP,,77136,M,1,1,1,FALSE,FALSE,50.85,30840,20.33,66,1,1
AEMH89448,11,0,2009,DR. AARTI PHUPATE,Maharashtra,PUSAD,SHS,,46296,F,2,1,0,FALSE,FALSE,30.52,27810,18.33,41,,1
AEMH89455,11,0,2009,JAVED QURESHI ALIS PROF. JAVED PASHA,Maharashtra,PUSAD,RSPS,,738,M,9,1,0,FALSE,FALSE,0.49,222,0.15,48,,1
AEMH89459,11,0,2009,RAJENDRA WAMAN NAJARDHANE,Maharashtra,UMARKHED,BJP,,59507,M,2,1,0,FALSE,FALSE,39.44,49769,32.98,45,,1
AEMH89468,11,0,2009,KHANDARE NARENDRA DEORAO,Maharashtra,UMARKHED,JSS,,872,M,11,1,0,FALSE,FALSE,0.58,50,0.03,40,,1
AEMH89472,11,0,2009,TATERAO MADHAORAO MANKAR,Maharashtra,UMARKHED,BBM,,563,M,15,1,0,FALSE,FALSE,0.37,30,0.02,56,,1
AEMH89483,11,0,2009,DHARAMSING DAGDU RATHOD,Maharashtra,KINWAT,JSS,,3702,M,4,1,0,FALSE,FALSE,2.53,800,0.55,59,,1
AEMH89485,11,0,2009,ASHOK MUKUNDRAO NEMMANIWAR,Maharashtra,KINWAT,MNS,,2145,M,6,1,0,FALSE,FALSE,1.46,675,0.46,38,,1
AEMH89491,11,0,2009,BABURAO ALIAS SAMBHARAO GUNAJI KADAM,Maharashtra,HADGAON,SHS,,51803,M,2,1,0,FALSE,FALSE,32.01,48955,30.25,41,,1
AEMH89492,11,0,2009,NEVARKAR GANGADHAR GANPATI,Maharashtra,HADGAON,BBM,,2848,M,3,1,0,FALSE,FALSE,1.76,711,0.44,59,,1
AEMH89495,11,0,2009,TIKORE UTTAMRAO GANGARAM,Maharashtra,HADGAON,JSS,,1456,M,6,1,0,FALSE,FALSE,0.9,278,0.17,58,,1
AEMH89497,11,0,2009,HARAN (PATIL) KESHAV VITTHALRAO,Maharashtra,HADGAON,MNS,,1142,M,8,1,0,FALSE,FALSE,0.71,289,0.18,38,,1
AEMH89515,11,0,2009,D.P.SAWANT,Maharashtra,NANDED NORTH,INC,,67052,M,1,1,1,FALSE,FALSE,49.1,44082,32.28,50,1,1
AEMH89520,11,0,2009,ADV.AVINASH VISHWANATHRAO BHOSIKAR,Maharashtra,NANDED NORTH,JSS,,2639,M,6,1,0,FALSE,FALSE,1.93,518,0.38,28,,1
AEMH89521,11,0,2009,PAWADE VINOD NILKANTHRAO,Maharashtra,NANDED NORTH,MNS,,2121,M,7,1,0,FALSE,FALSE,1.55,1312,0.96,29,,1
AEMH89523,11,0,2009,UTTAM YESHWANTRAO MOGLE,Maharashtra,NANDED NORTH,BBM,,803,M,9,1,0,FALSE,FALSE,0.59,73,0.05,52,,1
AEMH89539,8,0,1995,POKARNA OMPRAKASH GANESHLAL,Maharashtra,NANDED,INC,,28451,M,4,3,1,FALSE,FALSE,14.94,14197,7.45,,1,3
AEMH89539,10,0,2004,OMPRAKASH GANESHLAL POKRNA,Maharashtra,NANDED,INC,INC,63835,M,2,3,1,FALSE,FALSE,29.42,32545,15,51,1,3
AEMH89539,11,0,2009,OMPRAKASH GANESHLAL POKARNA,Maharashtra,NANDED SOUTH,INC,INC,71367,M,1,3,1,FALSE,FALSE,51.7,17463,12.65,57,1,3
AEMH89540,11,0,2009,PATIL HEMANT SHRIRAM,Maharashtra,NANDED SOUTH,SHS,,53904,M,2,1,0,FALSE,FALSE,39.05,44550,32.27,42,,1
AEMH89547,8,0,1995,SHANKARRAO GANESHRAO DHONDGE,Maharashtra,KANDHAR,IND,,31648,M,2,2,1,FALSE,FALSE,24.02,12228,9.28,,1,2
AEMH89547,11,0,2009,DHONDGE SHANKARRAO GANESHRAO,Maharashtra,LOHA,NCP,IND,81539,M,1,2,1,FALSE,FALSE,47.17,9364,5.42,50,1,2
AEMH89548,10,0,2004,CHIKHLIKAR PRATAPRAO GOVINDRAO,Maharashtra,KANDHAR,IND,,49191,M,1,2,1,FALSE,FALSE,30.86,5973,3.75,44,1,2
AEMH89548,11,0,2009,CHIKHALIKAR PRATAPRAO GOVINDRAO,Maharashtra,LOHA,LB,IND,72175,M,2,2,1,FALSE,TRUE,41.75,65088,37.65,49,1,2
AEMH89549,11,0,2009,DHONDE MANOHAR BABARAO,Maharashtra,LOHA,SHS,,7087,M,3,1,0,FALSE,FALSE,4.1,5088,2.94,44,,1
AEMH89552,11,0,2009,NARANGALE SHIVKUMAR NARAYANRAO,Maharashtra,LOHA,MNS,,1765,M,6,1,0,FALSE,FALSE,1.02,69,0.04,32,,1
AEMH89557,11,0,2009,HAMBILKAR VITTHAL PUNDA,Maharashtra,LOHA,BBM,,452,M,11,1,0,FALSE,FALSE,0.26,104,0.06,40,,1
AEMH89559,11,0,2009,CHAVAN VASANTRAO BALWANTRAO,Maharashtra,NAIGAON,IND,,63534,M,1,1,1,FALSE,FALSE,37.17,11120,6.51,54,1,1
AEMH89560,11,0,2009,DESHMUKH SHRINIVAS ALIS BAPUSAHEB GORTHEKAR,Maharashtra,NAIGAON,NCP,,52414,M,2,1,0,FALSE,FALSE,30.67,35726,20.9,60,,1
AEMH89561,11,0,2009,BACHEWAR BALAJI GANESHRAO,Maharashtra,NAIGAON,JSS,,16688,M,3,1,0,FALSE,FALSE,9.76,900,0.53,35,,1
AEMH89569,11,0,2009,SHANKERWAR VENKATRAO SAYANNA (KARKHELIKER),Maharashtra,NAIGAON,RSPS,,1037,M,11,1,0,FALSE,FALSE,0.61,73,0.04,62,,1
AEMH89571,11,0,2009,ANTAPURKAR RAOSAHEB ALIS CHANDOBA JAYANTA,Maharashtra,DEGLUR,INC,,64409,M,1,1,1,FALSE,FALSE,41.57,6011,3.88,53,1,1
AEMH89585,11,0,2009,GAIKWAD SANDIP PUNDLIKRAO,Maharashtra,DEGLUR,BBM,,365,M,15,1,0,FALSE,FALSE,0.24,30,0.02,26,,1
AEMH89589,11,0,2009,PATIL HANMANTHRAO VENKETRAO,Maharashtra,MUKHED,INC,,66013,M,1,1,1,FALSE,FALSE,41.17,1216,0.76,43,1,1
AEMH89590,11,0,2009,RATHOD GOVIND MAKKAJI,Maharashtra,MUKHED,IND,,64797,M,2,1,0,FALSE,FALSE,40.41,49289,30.74,59,,1
AEMH89591,11,0,2009,SAMBUTWAD VASANT IRANNA,Maharashtra,MUKHED,SHS,,15508,M,3,1,0,FALSE,FALSE,9.67,10256,6.4,43,,1
AEMH89592,11,0,2009,LOHBANDE DASHRATH MANGHAJI,Maharashtra,MUKHED,BBM,,5252,M,4,1,0,FALSE,FALSE,3.28,3133,1.95,55,,1
AEMH89594,10,0,2004,PANDHRE SUDHAKAR RAMRAO,Maharashtra,NANDED,BSP,,31290,M,3,2,0,FALSE,FALSE,14.42,2274,1.05,44,,2
AEMH89594,11,0,2009,PANDHARE SUDHAKAR RAMRAO,Maharashtra,MUKHED,JSS,BSP,1895,M,6,2,0,TRUE,FALSE,1.18,534,0.33,47,,2
AEMH89597,11,0,2009,SURNAR GOVINDRAM SAKHARAM,Maharashtra,MUKHED,RSPS,,674,M,9,1,0,FALSE,FALSE,0.42,32,0.02,53,,1
AEMH89607,11,0,2009,ADV.SADAWARTE DEEPAK KISHANRAO,Maharashtra,BASMATH,BBM,,1250,M,7,1,0,FALSE,FALSE,0.7,430,0.24,40,,1
AEMH89616,11,0,2009,NAIK CHAMPATRAO VITTHALRAO,Maharashtra,KALAMNURI,CPM,,3547,M,5,1,0,FALSE,FALSE,2.12,1809,1.08,39,,1
AEMH89617,11,0,2009,BANDU ALIAS PRAMOD SAKHARAM KUTE,Maharashtra,KALAMNURI,MNS,,1738,M,6,1,0,FALSE,FALSE,1.04,44,0.03,33,,1
AEMH89622,11,0,2009,JADHAV VIJAY KISHANRAO,Maharashtra,KALAMNURI,BBM,,687,M,11,1,0,FALSE,FALSE,0.41,0,0,33,,1
AEMH89624,11,0,2009,MUTKULE TANHAJI SAKHARAMJI,Maharashtra,HINGOLI,BJP,,54810,M,2,1,0,FALSE,FALSE,34.12,22410,13.95,47,,1
AEMH89626,11,0,2009,SANDESH BALASAHEB DESHMUKH,Maharashtra,HINGOLI,MNS,,5619,M,4,1,0,FALSE,FALSE,3.5,2312,1.44,26,,1
AEMH89628,11,0,2009,KHANDARE VISHNU NARAYAN,Maharashtra,HINGOLI,BBM,,3221,M,6,1,0,FALSE,FALSE,2,1438,0.9,48,,1
AEMH89635,11,0,2009,SHEKH SALIM SHEKH LATIF PAHELWAN,Maharashtra,JINTUR,RSPS,,2477,M,5,1,0,FALSE,FALSE,1.27,583,0.3,50,,1
AEMH89643,11,0,2009,VIKHAR AHEMAD,Maharashtra,PARBHANI,IND,,45498,M,2,1,0,FALSE,FALSE,27.97,14772,9.08,40,,1
AEMH89646,11,0,2009,MADHURI RAJAN KSHIRSAGAR,Maharashtra,PARBHANI,CPM,,2054,F,5,1,0,FALSE,FALSE,1.26,213,0.13,43,,1
AEMH89647,11,0,2009,DESHMUKH SUNIL,Maharashtra,PARBHANI,MNS,,1841,M,6,1,0,FALSE,FALSE,1.13,181,0.11,34,,1
AEMH89654,11,0,2009,GHANDAT (MAMA),Maharashtra,GANGAKHED,IND,,80404,M,1,1,1,FALSE,FALSE,37,18880,8.69,60,1,1
AEMH89655,11,0,2009,DR. KENDRE MADHUSUDAN MANIKRAO,Maharashtra,GANGAKHED,BJP,,61524,M,2,1,0,FALSE,FALSE,28.31,12821,5.9,46,,1
AEMH89658,11,0,2009,LAXMANRAO MADHAVRAO GOLEGAONKAR,Maharashtra,GANGAKHED,PWPI,,5972,M,5,1,0,FALSE,FALSE,2.75,2602,1.2,74,,1
AEMH89659,11,0,2009,VIDYAVATI RAMCHANDRA POLE,Maharashtra,GANGAKHED,JSS,,3370,F,6,1,0,FALSE,FALSE,1.55,1012,0.47,45,,1
AEMH89665,11,0,2009,SHRIMANTRAO DATTARAO KADAM,Maharashtra,GANGAKHED,BBM,,1000,M,12,1,0,FALSE,FALSE,0.46,265,0.12,70,,1
AEMH89672,11,0,2009,THORE VISHWANATH MANOHAR,Maharashtra,PATHRI,RSPS,,6475,M,3,1,0,FALSE,FALSE,3.37,2648,1.38,52,,1
AEMH89675,11,0,2009,SONTAKKE BANDU ALIAS DHAMMAPAL RAMBHAU,Maharashtra,PATHRI,BBM,,3099,M,6,1,0,FALSE,FALSE,1.61,1689,0.88,38,,1
AEMH89686,11,0,2009,JETHALIYA SURESHKUMAR KANHAIYALAL,Maharashtra,PARTUR,IND,,42702,M,1,1,1,FALSE,FALSE,25.72,11502,6.93,53,1,1
AEMH89692,11,0,2009,BHOSLE SHIVAJI BAPURAO,Maharashtra,PARTUR,SWP,,2254,M,7,1,0,FALSE,FALSE,1.36,280,0.17,58,,1
AEMH89705,11,0,2009,AMBEKAR BHASKAR RAJARAM,Maharashtra,JALNA,SHS,,53629,M,2,1,0,FALSE,FALSE,37.63,50883,35.71,48,,1
AEMH89706,11,0,2009,BUNDELE JITENDRA SHANKARSING,Maharashtra,JALNA,MNS,,2746,M,3,1,0,FALSE,FALSE,1.93,51,0.04,40,,1
AEMH89707,11,0,2009,NIKALAJE SUDHAKAR MOHANRAO,Maharashtra,JALNA,BBM,,2695,M,4,1,0,FALSE,FALSE,1.89,713,0.5,30,,1
AEMH89710,11,0,2009,NARAYAN APPASAHEB CHALAGE,Maharashtra,JALNA,RSPS,,1250,M,7,1,0,FALSE,FALSE,0.88,171,0.12,42,,1
AEMH89720,11,0,2009,SANTOSH VASANTLAL SAMBRE,Maharashtra,BADNAPUR,SHS,,56242,M,1,1,1,FALSE,FALSE,36.93,18908,12.41,36,1,1
AEMH89721,11,0,2009,SUDAMRAO SANDU SADASHIVE,Maharashtra,BADNAPUR,NCP,,37334,M,2,1,0,FALSE,FALSE,24.51,1426,0.94,54,,1
AEMH89722,11,0,2009,CHAUDHARI RUPKUMAR (BABLU)NEHRULAL,Maharashtra,BADNAPUR,MNS,,35908,M,3,1,0,FALSE,FALSE,23.58,30957,20.32,43,,1
AEMH89737,11,0,2009,DANVE NIRMALABAI RAOSAHEB,Maharashtra,BHOKARDAN,BJP,,65841,F,2,1,0,FALSE,FALSE,40.36,54678,33.52,44,,1
AEMH89739,11,0,2009,PUNGALE SANDU SANTUKRAO,Maharashtra,BHOKARDAN,MNS,,6001,M,4,1,0,FALSE,FALSE,3.68,2816,1.73,40,,1
AEMH89748,11,0,2009,DESHMUKH SUBHASHRAO KISANRAO,Maharashtra,BHOKARDAN,BBM,,350,M,13,1,0,FALSE,FALSE,0.21,28,0.02,52,,1
AEMH89753,11,0,2009,BANKAR SURESH PANDURANG,Maharashtra,SILLOD,BJP,,71378,M,2,1,0,FALSE,FALSE,40.01,68639,38.47,38,,1
AEMH89763,10,0,2004,UDAYSINGH SARDARSINGH RAJPUT,Maharashtra,KANNAD,IND,,33789,M,4,2,0,FALSE,FALSE,19.87,20968,12.33,33,,2
AEMH89763,11,0,2009,UDAYSING SARDARSING RAJPUT,Maharashtra,KANNAD,IND,IND,41999,M,2,2,0,FALSE,FALSE,24.57,17438,10.2,38,,2
AEMH89764,11,0,2009,BHARATSINGH SHIVSINGH RAJPUT,Maharashtra,KANNAD,INC,,24561,M,3,1,0,FALSE,FALSE,14.37,1942,1.14,41,,1
AEMH89780,11,0,2009,DR. KALE KALYAN VAIJINATHRAO,Maharashtra,PHULAMBRI,INC,,63236,M,1,1,1,FALSE,FALSE,38.12,2587,1.56,46,1,1
AEMH89783,11,0,2009,BHASKAR JAGANNATH GADEKAR,Maharashtra,PHULAMBRI,MNS,,11979,M,4,1,0,FALSE,FALSE,7.22,7242,4.37,35,,1
AEMH89797,11,0,2009,SAYED ABDUL KADEER AMEER,Maharashtra,AURANGABAD CENTRAL,NCP,,41581,M,2,1,0,FALSE,FALSE,30.59,7593,5.59,46,,1
AEMH89798,11,0,2009,JAIN VIKAS RATANLAL,Maharashtra,AURANGABAD CENTRAL,SHS,,33988,M,3,1,0,FALSE,FALSE,25.01,30826,22.68,44,,1
AEMH89810,11,0,2009,SHIRSAT SANJAY PANDURANG,Maharashtra,AURANGABAD WEST,SHS,,58008,M,1,1,1,FALSE,FALSE,48.41,14211,11.86,47,1,1
AEMH89811,11,0,2009,PARKHE CHANDRABHAN BANDUJI,Maharashtra,AURANGABAD WEST,INC,,43797,M,2,1,0,FALSE,FALSE,36.55,40006,33.38,53,,1
AEMH89812,11,0,2009,AMIT SUDHAKAR BHUIGAL,Maharashtra,AURANGABAD WEST,BBM,,3791,M,3,1,0,FALSE,FALSE,3.16,522,0.44,29,,1
AEMH89829,11,0,2009,DARDA RAJENDRA JAWAHARLAL,Maharashtra,AURANGABAD EAST,INC,,48190,M,1,1,1,FALSE,FALSE,38.55,15225,12.18,56,1,1
AEMH89830,11,0,2009,KARAD DR. BHAGWAT KISANRAO,Maharashtra,AURANGABAD EAST,BJP,,32965,M,2,1,0,FALSE,FALSE,26.37,15689,12.55,55,,1
AEMH89834,11,0,2009,PROF. PARSHURAM CHANDRABHAN VAKHURE,Maharashtra,AURANGABAD EAST,MNS,,2256,M,6,1,0,FALSE,FALSE,1.8,555,0.44,62,,1
AEMH89840,11,0,2009,NASER MOHAMMAD NAHDI (CHAUS),Maharashtra,AURANGABAD EAST,SP,,292,M,12,1,0,FALSE,FALSE,0.23,41,0.03,36,,1
AEMH89857,11,0,2009,SANJAY WAGHCHAURE,Maharashtra,PAITHAN,NCP,,64179,M,1,1,1,FALSE,FALSE,40.36,13662,8.59,45,1,1
AEMH89860,11,0,2009,PRALHAD DHONDIBA RATHOD,Maharashtra,PAITHAN,RSPS,,7925,M,4,1,0,FALSE,FALSE,4.98,5489,3.45,51,,1
AEMH89869,11,0,2009,PRASHANT BANSILAL BAMB,Maharashtra,GANGAPUR,IND,,53067,M,1,1,1,FALSE,FALSE,35.72,23499,15.82,39,1,1
AEMH89872,11,0,2009,MANE KUNDLIK PANDURANG,Maharashtra,GANGAPUR,NCP,,17327,M,4,1,0,FALSE,FALSE,11.66,10315,6.94,47,,1
AEMH89873,11,0,2009,BANKAR DILIP BHAUSAHEB,Maharashtra,GANGAPUR,MNS,,7012,M,5,1,0,FALSE,FALSE,4.72,2586,1.74,45,,1
AEMH89881,11,0,2009,AMBADAS TULSHIRAM JADHAV,Maharashtra,GANGAPUR,BBM,,879,M,13,1,0,FALSE,FALSE,0.59,157,0.11,44,,1
AEMH89889,11,0,2009,PATIL BHAUSAHEB RAMRAO,Maharashtra,VAIJAPUR,IND,,50154,M,2,1,0,FALSE,FALSE,29.76,10597,6.29,47,,1
AEMH89890,11,0,2009,DR. DINESHBHAU PARDESHI,Maharashtra,VAIJAPUR,INC,,39557,M,3,1,0,FALSE,FALSE,23.47,24849,14.74,38,,1
AEMH89893,11,0,2009,SADAPHAL PRASHANT DADASAHEB,Maharashtra,VAIJAPUR,MNS,,2908,M,6,1,0,FALSE,FALSE,1.73,368,0.22,42,,1
AEMH89900,11,0,2009,PANKAJ CHHAGAN BHUJBAL,Maharashtra,NANDGAON,NCP,,96292,M,1,1,1,FALSE,FALSE,53.33,21369,11.83,36,1,1
AEMH89902,11,0,2009,PANKAJ RAMCHANDRA KHATAL,Maharashtra,NANDGAON,MNS,,3003,M,3,1,0,FALSE,FALSE,1.66,734,0.41,38,,1
AEMH89907,11,0,2009,MUFTI MOHAMAD ISMAIL A. KHALIQUE,Maharashtra,MALEGAON CENTRAL,JSS,,71157,M,1,1,1,FALSE,FALSE,47.04,17919,11.85,49,1,1
AEMH89912,11,0,2009,JALIL AHMED MOHMAD HANIF ANSARI,Maharashtra,MALEGAON CENTRAL,BJP,,795,M,6,1,0,FALSE,FALSE,0.53,150,0.1,33,,1
AEMH89918,11,0,2009,NIKAM SURESH RAMRAO,Maharashtra,MALEGAON OUTER,MNS,,3769,M,4,1,0,FALSE,FALSE,2.09,1750,0.97,55,,1
AEMH89924,11,0,2009,ADV.CHANDRASHEKHAR SHIVAJI DEORE,Maharashtra,MALEGAON OUTER,SP,,797,M,10,1,0,FALSE,FALSE,0.44,68,0.04,32,,1
AEMH89934,10,0,2004,UMAJI MANGLU BORASE,Maharashtra,BAGLAN,BJP,,35714,M,2,2,1,FALSE,FALSE,33.45,11982,11.22,37,1,2
AEMH89934,11,0,2009,UMAJI MANGLU BORSE,Maharashtra,BAGLAN,BJP,BJP,55022,M,1,2,1,FALSE,FALSE,45.33,2562,2.11,37,1,2
AEMH89936,11,0,2009,SONAWANE SOMNATH RAVAN,Maharashtra,BAGLAN,INC,,9245,M,3,1,0,FALSE,FALSE,7.62,6975,5.75,58,,1
AEMH89940,11,0,2009,ARJUN TULSHIRAM(A.T.) PAWAR,Maharashtra,KALWAN,NCP,,74388,M,1,1,1,FALSE,FALSE,50.59,16253,11.05,71,1,1
AEMH89942,11,0,2009,DHOOM YADAV PANDU,Maharashtra,KALWAN,SHS,,10628,M,3,1,0,FALSE,FALSE,7.23,8087,5.5,57,,1
AEMH89947,11,0,2009,AHER ARUN DADAJI,Maharashtra,CHANDVAD,BJP,,36261,M,3,1,0,FALSE,FALSE,22.94,20813,13.17,46,,1
AEMH89948,11,0,2009,JADHAV SHASHIKANT HARIBHAU,Maharashtra,CHANDVAD,MNS,,15448,M,4,1,0,FALSE,FALSE,9.77,12952,8.19,43,,1
AEMH89950,11,0,2009,RAKIBE ARVIND DAMODHAR,Maharashtra,CHANDVAD,SWP,,2348,M,6,1,0,FALSE,FALSE,1.49,714,0.45,50,,1
AEMH89956,11,0,2009,ADV. SHINDE-PATIL MANIKRAO MADHAVRAO,Maharashtra,YEVLA,SHS,,56236,M,2,1,0,FALSE,FALSE,33.37,54252,32.19,50,,1
AEMH89962,11,0,2009,WAJE PRAKASH SHANKARRAO,Maharashtra,SINNAR,SHS,,72800,M,2,1,0,FALSE,FALSE,46.68,70932,45.49,67,,1
AEMH89974,11,0,2009,KADAM YATIN RAOSAHEB,Maharashtra,NIPHAD,MNS,,5457,M,3,1,0,FALSE,FALSE,3.4,926,0.58,27,,1
AEMH89975,11,0,2009,DOKHALE RAJENDRA SADASHIV,Maharashtra,NIPHAD,SWP,,4531,M,4,1,0,FALSE,FALSE,2.82,3004,1.87,44,,1
AEMH89979,11,0,2009,PAGAR PANDURANG MURALIDHAR,Maharashtra,NIPHAD,BBM,,303,M,8,1,0,FALSE,FALSE,0.19,0,0,47,,1
AEMH89980,11,0,2009,MAHALE DHANRAJ HARIBHAU,Maharashtra,DINDORI,SHS,,68569,M,1,1,1,FALSE,FALSE,43.7,149,0.09,34,1,1
AEMH89982,11,0,2009,GANGODE MADHUKAR DAGU,Maharashtra,DINDORI,CPM,,11022,M,3,1,0,FALSE,FALSE,7.02,7337,4.68,69,,1
AEMH89988,11,0,2009,SANAP BALASAHEB MAHADU,Maharashtra,NASHIK EAST,BJP,,29189,M,2,1,0,FALSE,FALSE,20.94,9007,6.46,48,,1
AEMH89989,11,0,2009,PANGAVHANE RAJARAM DINKARRAO,Maharashtra,NASHIK EAST,INC,,20182,M,3,1,0,FALSE,FALSE,14.48,5919,4.25,51,,1
AEMH89998,11,0,2009,BODAKE KASHINATH SADASHIV,Maharashtra,NASHIK EAST,BBM,,361,M,12,1,0,FALSE,FALSE,0.26,24,0.02,60,,1
AEMH90002,11,0,2009,GITE VASANTRAO NIVRUTTI,Maharashtra,NASHIK CENTRAL,MNS,,62167,M,1,1,1,FALSE,FALSE,46.42,31169,23.28,51,1,1
AEMH90004,11,0,2009,BAGUL SUNIL KISAN,Maharashtra,NASHIK CENTRAL,SHS,,24784,M,3,1,0,FALSE,FALSE,18.51,15578,11.63,45,,1
AEMH90008,11,0,2009,JADHAV BHIMRAO ABAJI,Maharashtra,NASHIK CENTRAL,BBM,,591,M,7,1,0,FALSE,FALSE,0.44,175,0.13,55,,1
AEMH90015,11,0,2009,BHOSALE NITIN KESHAVRAO,Maharashtra,NASHIK WEST,MNS,,52855,M,1,1,1,FALSE,FALSE,35.03,24738,16.39,41,1,1
AEMH90016,11,0,2009,NANA MAHALE,Maharashtra,NASHIK WEST,NCP,,28117,M,2,1,0,FALSE,FALSE,18.63,8383,5.56,56,,1
AEMH90018,11,0,2009,KARAD DHONDIRAM LIMBAJI,Maharashtra,NASHIK WEST,CPM,,18812,M,4,1,0,FALSE,FALSE,12.47,4606,3.05,52,,1
AEMH90019,11,0,2009,AHER RAHUL DAULATRAO,Maharashtra,NASHIK WEST,BJP,,14206,M,5,1,0,FALSE,FALSE,9.41,5878,3.9,36,,1
AEMH90033,11,0,2009,NANASAHEB SAMPATRAO SONAWANE,Maharashtra,DEVLALI,NCP,,35641,M,2,1,0,FALSE,FALSE,30.16,12858,10.88,45,,1
AEMH90034,11,0,2009,VAIRAGAR RAJU LAXMAN,Maharashtra,DEVLALI,MNS,,22783,M,3,1,0,FALSE,FALSE,19.28,17272,14.62,49,,1
AEMH90035,11,0,2009,DR. JADHAV SANJAY DAMU,Maharashtra,DEVLALI,BBM,,5511,M,4,1,0,FALSE,FALSE,4.66,3173,2.69,38,,1
AEMH90045,11,0,2009,GHARE RAMDAS VITTHALRAO,Maharashtra,IGATPURI,SHS,,19406,M,3,1,0,FALSE,FALSE,15.62,5298,4.26,35,,1
AEMH90047,11,0,2009,ANJANA SURENDRA RAUT,Maharashtra,IGATPURI,CPM,,11514,F,5,1,0,FALSE,FALSE,9.27,4053,3.26,26,,1
AEMH90067,11,0,2009,CHANDRAKANT RAVJI BHUSARA,Maharashtra,VIKRAMGAD,NCP,,42339,M,2,1,0,FALSE,FALSE,28.68,27198,18.42,54,,1
AEMH90068,11,0,2009,BUDHAR RATAN RAVAJI,Maharashtra,VIKRAMGAD,CPM,,15141,M,3,1,0,FALSE,FALSE,10.26,4274,2.89,65,,1
AEMH90069,11,0,2009,DR.BHOYE PARAKASH SADASHIV,Maharashtra,VIKRAMGAD,MNS,,10867,M,4,1,0,FALSE,FALSE,7.36,3207,2.17,34,,1
AEMH90079,11,0,2009,KESHAV PAWAR,Maharashtra,VIKRAMGAD,BBM,,639,M,14,1,0,FALSE,FALSE,0.43,0,0,26,,1
AEMH90084,6,0,1985,SUTAR GANGARAM DHAKAT,Maharashtra,DAHANU,CPM,,10685,M,2,3,0,FALSE,FALSE,20.44,3477,6.65,,,3
AEMH90084,9,0,1999,SUTAR GANGARAM DHAKAT,Maharashtra,DAHANU,CPM,CPM,16402,M,4,3,0,FALSE,FALSE,14.51,0,0,,,3
AEMH90084,11,0,2009,SUTAR GANGARAM DHAKAT,Maharashtra,PALGHAR,CPM,CPM,3677,M,5,3,0,FALSE,FALSE,2.76,2128,1.6,51,,3
AEMH90088,11,0,2009,TARE VILAS SUKUR,Maharashtra,BOISAR,BVA,,53727,M,1,1,1,FALSE,FALSE,38.95,13078,9.48,34,1,1
AEMH90090,11,0,2009,AVINASH BALIRAM SUTAR,Maharashtra,BOISAR,MNS,,18104,M,3,1,0,FALSE,FALSE,13.12,10744,7.79,58,,1
AEMH90100,11,0,2009,THAKUR KSHITIJI HITENDRA,Maharashtra,NALASOPARA,BVA,,89284,M,1,1,1,FALSE,FALSE,52.84,40782,24.14,26,1,1
AEMH90101,11,0,2009,CHAVAN SHIRISH JAYRAM,Maharashtra,NALASOPARA,SHS,,48502,M,2,1,0,FALSE,FALSE,28.71,27753,16.43,46,,1
AEMH90102,11,0,2009,VIVEK ATMARAM KELUSKAR,Maharashtra,NALASOPARA,MNS,,20749,M,3,1,0,FALSE,FALSE,12.28,15954,9.44,33,,1
AEMH90107,11,0,2009,BHAGESH BHAIRU DESAI,Maharashtra,NALASOPARA,JSS,,693,M,8,1,0,FALSE,FALSE,0.41,84,0.05,44,,1
AEMH90110,11,0,2009,NARAYAN MANKAR,Maharashtra,VASAI,BVA,,64560,M,2,1,0,FALSE,FALSE,38.37,55865,33.2,58,,1
AEMH90111,11,0,2009,ADV.GHONSALVIS JIMI MATES,Maharashtra,VASAI,INC,,8695,M,3,1,0,FALSE,FALSE,5.17,4812,2.86,46,,1
AEMH90120,9,0,1999,PATIL SHANTARAM DUNDARAM,Maharashtra,WADA,NCP,,21848,M,2,2,0,FALSE,FALSE,18.82,3685,3.17,,,2
AEMH90120,11,0,2009,PATIL SHANTARAM DUNDARAM,Maharashtra,BHIWANDI RURAL,NCP,NCP,44804,M,2,2,0,FALSE,FALSE,33.06,8117,5.99,53,,2
AEMH90121,11,0,2009,DASHRAT DUNDARAM PATIL,Maharashtra,BHIWANDI RURAL,MNS,,36687,M,3,1,0,FALSE,FALSE,27.07,32063,23.66,30,,1
AEMH90125,11,0,2009,BARORA PANDURANG MAHADU,Maharashtra,SHAHAPUR,NCP,,46065,M,2,1,0,FALSE,FALSE,31.97,28627,19.87,39,,1
AEMH90126,10,0,2004,TALPADE DNYANESHWAR NIVRUTTI,Maharashtra,HAHAPUR,IND,,19101,M,3,2,0,FALSE,FALSE,15.68,14798,12.14,32,,2
AEMH90126,11,0,2009,DNYANESHWAR NIVRUTTI TALPADE,Maharashtra,SHAHAPUR,MNS,IND,17438,M,3,2,0,FALSE,FALSE,12.1,13175,9.14,37,,2
AEMH90127,11,0,2009,ROJ SITARAM DHAKLYA,Maharashtra,SHAHAPUR,CPM,,4263,M,4,1,0,FALSE,FALSE,2.96,395,0.27,42,,1
AEMH90135,11,0,2009,BHOYE RAOJI LAHU,Maharashtra,SHAHAPUR,BBM,,669,M,12,1,0,FALSE,FALSE,0.46,0,0,30,,1
AEMH90137,11,0,2009,SAINATH (BHAU) RANGARAO PAWAR,Maharashtra,BHIWANDI WEST,IND,,29134,M,2,1,0,FALSE,FALSE,28.19,4136,4,35,,1
AEMH90138,11,0,2009,DALAVI JAVED GULAM MOHD.,Maharashtra,BHIWANDI WEST,INC,,24998,M,3,1,0,FALSE,FALSE,24.19,8924,8.64,54,,1
AEMH90139,11,0,2009,MHATRE SURESH GOPINATH,Maharashtra,BHIWANDI WEST,SHS,,16074,M,4,1,0,FALSE,FALSE,15.55,15228,14.74,39,,1
AEMH90164,11,1,2010,Rupesh Laxman Mhatre,Maharashtra,BHIWANDI EAST,SHS,,35376,"",1,1,1,FALSE,FALSE,37.2,1676,1.76,,1,1
AEMH90165,11,1,2010,Farhan Abu Asim Azmi,Maharashtra,BHIWANDI EAST,SP,,33700,"",2,1,0,FALSE,FALSE,35.44,9282,9.76,,,1
AEMH90166,11,1,2010,Saiyad Muzaffar Hussain N.H.,Maharashtra,BHIWANDI EAST,INC,,24418,"",3,1,0,FALSE,FALSE,25.68,23855,25.09,,,1
AEMH90174,11,0,2009,BHOIR PRAKASH SUKHDEO,Maharashtra,KALYAN WEST,MNS,,41111,M,1,1,1,FALSE,FALSE,28.36,5549,3.83,37,1,1
AEMH90175,11,0,2009,DEOLEKAR RAJENDRA JAYANT,Maharashtra,KALYAN WEST,SHS,,35562,M,2,1,0,FALSE,FALSE,24.53,3066,2.12,35,,1
AEMH90176,10,0,2004,ALKA AVALASKAR,Maharashtra,KALYAN,INC,,92491,F,2,2,0,FALSE,FALSE,42.8,87787,40.63,48,,2
AEMH90176,11,0,2009,ALAKA AWALASAKAR,Maharashtra,KALYAN WEST,INC,INC,32496,F,3,2,0,FALSE,FALSE,22.42,10357,7.14,29,,2
AEMH90194,11,0,2009,WAMAN BARKU MHATRE,Maharashtra,MURBAD,MNS,,37080,M,3,1,0,FALSE,FALSE,20.77,11822,6.62,39,,1
AEMH90198,11,0,2009,PISEKAR VISHNU PANDURANG,Maharashtra,MURBAD,PWPI,,1336,M,7,1,0,FALSE,FALSE,0.75,70,0.04,57,,1
AEMH90201,11,0,2009,BRAMHA MURLIDHAR DHOTRE,Maharashtra,MURBAD,BBM,,953,M,10,1,0,FALSE,FALSE,0.53,0,0,49,,1
AEMH90202,11,0,2009,DR.BALAJI KINIKAR,Maharashtra,AMBERNATH,SHS,,50470,M,1,1,1,FALSE,FALSE,44.66,19979,17.68,37,1,1
AEMH90203,11,0,2009,TAPASE MAHESH BHARAT,Maharashtra,AMBERNATH,NCP,,30491,M,2,1,0,FALSE,FALSE,26.98,13484,11.93,37,,1
AEMH90207,11,0,2009,THORAT SARANG SHYAMRAO,Maharashtra,AMBERNATH,BBM,,1707,M,6,1,0,FALSE,FALSE,1.51,1169,1.03,46,,1
AEMH90215,11,0,2009,ADV.SAMBHAJI MAROTI PATIL,Maharashtra,ULHAS NAGAR,MNS,,10030,M,3,1,0,FALSE,FALSE,9.39,6331,5.93,54,,1
AEMH90223,11,0,2009,CHETAN RAMA SURVADE,Maharashtra,ULHAS NAGAR,BBM,,436,M,11,1,0,FALSE,FALSE,0.41,23,0.02,39,,1
AEMH90230,11,0,2009,GANPAT KALU GAIKWAD,Maharashtra,KALYAN EAST,IND,,60592,M,1,1,1,FALSE,FALSE,49.1,24486,19.84,41,1,1
AEMH90232,9,0,1999,DR. R.B. SINGH,Maharashtra,KALYAN,INC,,60219,M,2,2,0,FALSE,FALSE,34.19,50347,28.59,,,2
AEMH90232,11,0,2009,DR. R. B. SINGH,Maharashtra,KALYAN EAST,INC,INC,15140,M,3,2,0,FALSE,FALSE,12.27,9968,8.08,59,,2
AEMH90235,11,0,2009,ROKADE PRALHAD SAHADU,Maharashtra,KALYAN EAST,RSPS,,1843,M,6,1,0,FALSE,FALSE,1.49,1193,0.97,71,,1
AEMH90238,11,0,2009,UDDHAV VITTHAL ZENDE,Maharashtra,KALYAN EAST,BBM,,479,M,9,1,0,FALSE,FALSE,0.39,0,0,44,,1
AEMH90239,11,0,2009,CHAVAN RAVINDRA DATTATRAYA,Maharashtra,DOMBIVALI,BJP,,61104,M,1,1,1,FALSE,FALSE,47.6,12327,9.6,39,1,1
AEMH90240,11,0,2009,RAJESH SHANTARAM KADAM,Maharashtra,DOMBIVALI,MNS,,48777,M,2,1,0,FALSE,FALSE,38,39713,30.94,37,,1
AEMH90245,11,0,2009,RAMESH RATAN PATIL,Maharashtra,KALYAN RURAL,MNS,,51149,M,1,1,1,FALSE,FALSE,41.37,9507,7.69,55,1,1
AEMH90246,11,0,2009,MHATRE RAMESH SUKARYA,Maharashtra,KALYAN RURAL,SHS,,41642,M,2,1,0,FALSE,FALSE,33.68,15096,12.21,56,,1
AEMH90247,11,0,2009,RAVI PATIL,Maharashtra,KALYAN RURAL,INC,,26546,M,3,1,0,FALSE,FALSE,21.47,25309,20.47,44,,1
AEMH90253,11,0,2009,GILBERT JOHN MENDOCA,Maharashtra,MIRA BHAYANDAR,NCP,,62013,M,1,1,1,FALSE,FALSE,42.02,10604,7.18,56,1,1
AEMH90254,11,0,2009,NARENDRA MEHTA,Maharashtra,MIRA BHAYANDAR,BJP,,51409,M,2,1,0,FALSE,FALSE,34.83,24189,16.39,37,,1
AEMH90255,11,0,2009,CHANDRAKANT SITARAM VAITY,Maharashtra,MIRA BHAYANDAR,MNS,,27220,M,3,1,0,FALSE,FALSE,18.44,25551,17.31,44,,1
AEMH90264,11,0,2009,SOMNATH MARUTI VAGHMARE,Maharashtra,MIRA BHAYANDAR,BBM,,194,M,12,1,0,FALSE,FALSE,0.13,16,0.01,46,,1
AEMH90266,11,0,2009,PRATAP BABURAO SARNAIK,Maharashtra,OVALA - MAJIWADA,SHS,,52373,M,1,1,1,FALSE,FALSE,36.03,9041,6.22,45,1,1
AEMH90267,11,0,2009,CHAVAN SUDHAKAR WAMAN,Maharashtra,OVALA - MAJIWADA,MNS,,43332,M,2,1,0,FALSE,FALSE,29.81,9314,6.41,52,,1
AEMH90268,11,0,2009,DILIP SADASHIV DEHERKAR,Maharashtra,OVALA - MAJIWADA,INC,,34018,M,3,1,0,FALSE,FALSE,23.41,25171,17.32,59,,1
AEMH90285,11,0,2009,EKNATH SAMBHAJI SHINDE,Maharashtra,KOPRI-PACHPAKHADI,SHS,,73502,M,1,1,1,FALSE,FALSE,45.36,32776,20.23,45,1,1
AEMH90287,11,0,2009,GAWAND RAJAN SHANTARAM,Maharashtra,KOPRI-PACHPAKHADI,MNS,,35914,M,3,1,0,FALSE,FALSE,22.16,31923,19.7,59,,1
AEMH90288,11,0,2009,YADAV RAMNAYAN JAGGNATH,Maharashtra,KOPRI-PACHPAKHADI,SP,,3991,M,4,1,0,FALSE,FALSE,2.46,2127,1.31,55,,1
AEMH90294,11,0,2009,GOPINATH SAKHARAM MHASKE,Maharashtra,KOPRI-PACHPAKHADI,BBM,,577,M,10,1,0,FALSE,FALSE,0.36,74,0.05,45,,1
AEMH90305,11,0,2009,RAJAN VICHARE,Maharashtra,THANE,SHS,,51010,M,1,1,1,FALSE,FALSE,32.22,2441,1.54,48,1,1
AEMH90306,11,0,2009,RAJAN RAJE,Maharashtra,THANE,MNS,,48569,M,2,1,0,FALSE,FALSE,30.68,12281,7.76,52,,1
AEMH90307,11,0,2009,KANADE SUBHASH PANDURANG,Maharashtra,THANE,INC,,36288,M,3,1,0,FALSE,FALSE,22.92,19044,12.03,59,,1
AEMH90315,11,0,2009,AWHAD JITENDRA SATISH,Maharashtra,MUMBRA-KALWA,NCP,,61510,M,1,1,1,FALSE,FALSE,46.57,15689,11.88,46,1,1
AEMH90316,11,0,2009,KINE RAJAN NARAYAN,Maharashtra,MUMBRA-KALWA,SHS,,45821,M,2,1,0,FALSE,FALSE,34.69,30702,23.25,41,,1
AEMH90317,11,0,2009,PAWAR PRASHANT BALKRISHANA,Maharashtra,MUMBRA-KALWA,MNS,,15119,M,3,1,0,FALSE,FALSE,11.45,11690,8.85,33,,1
AEMH90318,11,0,2009,SURME YASIN ABDUL LATIF,Maharashtra,MUMBRA-KALWA,SP,,3429,M,4,1,0,FALSE,FALSE,2.6,673,0.51,48,,1
AEMH90322,11,0,2009,MILIND ASHOK YADAV,Maharashtra,MUMBRA-KALWA,BBM,,498,M,8,1,0,FALSE,FALSE,0.38,163,0.12,32,,1
AEMH90331,11,0,2009,SANDEEP GANESH NAIK,Maharashtra,AIROLI,NCP,,79075,M,1,1,1,FALSE,FALSE,50.13,11957,7.58,31,1,1
AEMH90332,11,0,2009,CHAUGULE VIJAY LAXMAN,Maharashtra,AIROLI,SHS,,67118,M,2,1,0,FALSE,FALSE,42.55,64043,40.6,47,,1
AEMH90339,11,0,2009,HEMANT JAIRAM KHARKAR,Maharashtra,AIROLI,BBM,,558,M,9,1,0,FALSE,FALSE,0.35,111,0.07,50,,1
AEMH90342,11,0,2009,HAWARE SURESH KASHINATH,Maharashtra,BELAPUR,BJP,,46812,M,2,1,0,FALSE,FALSE,31.99,27243,18.62,53,,1
AEMH90343,11,0,2009,RAJENDRA (PAPU) MAHALE,Maharashtra,BELAPUR,MNS,,19569,M,3,1,0,FALSE,FALSE,13.37,5053,3.45,34,,1
AEMH90354,11,0,2009,NAYAN PRADIP KADAM,Maharashtra,BORIVALI,MNS,,38699,M,2,1,0,FALSE,FALSE,26.63,3580,2.46,35,,1
AEMH90355,11,0,2009,BHUSHAN PATIL,Maharashtra,BORIVALI,INC,,35119,M,3,1,0,FALSE,FALSE,24.17,34324,23.62,40,,1
AEMH90361,11,0,2009,DR. DUBE YOGESH GHANSHYAM,Maharashtra,DAHISAR,INC,,43913,M,2,1,0,FALSE,FALSE,33.39,21672,16.48,35,,1
AEMH90362,11,0,2009,DEEPA GANESH PATIL,Maharashtra,DAHISAR,MNS,,22241,F,3,1,0,FALSE,FALSE,16.91,19580,14.89,30,,1
AEMH90370,11,0,2009,DAREKAR PRAVIN YASHWANT,Maharashtra,MAGATHANE,MNS,,58310,M,1,1,1,FALSE,FALSE,40,12985,8.91,41,1,1
AEMH90371,11,0,2009,PRAKASH SURVE,Maharashtra,MAGATHANE,NCP,,45325,M,2,1,0,FALSE,FALSE,31.09,9442,6.48,46,,1
AEMH90372,11,0,2009,ASHOK G. NAR,Maharashtra,MAGATHANE,SHS,,35883,M,3,1,0,FALSE,FALSE,24.61,34128,23.41,52,,1
AEMH90376,11,0,2009,ADHYAN BANDU SHENDGE,Maharashtra,MAGATHANE,RSPS,,777,M,7,1,0,FALSE,FALSE,0.53,13,0.01,59,,1
AEMH90379,11,0,2009,DALVI SATYAWAN GANPAT,Maharashtra,MULUND,MNS,,37772,M,2,1,0,FALSE,FALSE,25.28,3142,2.1,41,,1
AEMH90380,11,0,2009,ADV. MAHADEO SHELAR,Maharashtra,MULUND,INC,,34630,M,3,1,0,FALSE,FALSE,23.18,30924,20.7,56,,1
AEMH90396,11,0,2009,MANGESH SANGLE,Maharashtra,VIKHROLI,MNS,,53125,M,1,1,1,FALSE,FALSE,42.87,20412,16.47,35,1,1
AEMH90397,11,0,2009,PALLAVI SANJAY PATIL,Maharashtra,VIKHROLI,NCP,,32713,F,2,1,0,FALSE,FALSE,26.4,4584,3.7,39,,1
AEMH90398,11,0,2009,SHRI DATTARAM BABI DALVI,Maharashtra,VIKHROLI,SHS,,28129,M,3,1,0,FALSE,FALSE,22.7,24268,19.58,56,,1
AEMH90402,11,0,2009,PAWAR SUMEDH ULHAS,Maharashtra,VIKHROLI,BBM,,799,M,7,1,0,FALSE,FALSE,0.64,58,0.05,25,,1
AEMH90407,6,0,1985,SHISHIR SHINDE,Maharashtra,BHANDUP,IND,,8582,M,5,2,1,FALSE,FALSE,8.51,1596,1.58,,1,2
AEMH90407,11,0,2009,SHISHIR SHINDE,Maharashtra,BHANDUP WEST,MNS,IND,68302,M,1,2,1,FALSE,FALSE,45.91,30943,20.8,55,1,2
AEMH90408,9,0,1999,SHIVAJIRAO VISHNU NALAVADE,Maharashtra,KURLA,NCP,,32225,M,3,2,0,FALSE,FALSE,16.86,28846,15.09,,,2
AEMH90408,11,0,2009,NALAWADE SHIVAJIRAO VISHNU,Maharashtra,BHANDUP WEST,NCP,NCP,37359,M,2,2,0,FALSE,FALSE,25.11,2892,1.94,55,,2
AEMH90409,11,0,2009,SUNIL RAJARAM RAUT,Maharashtra,BHANDUP WEST,SHS,,34467,M,3,1,0,FALSE,FALSE,23.17,31437,21.13,44,,1
AEMH90418,11,0,2009,JAGTAP ASHOK ARJUNRAO ALIAS BHAI JAGTAP,Maharashtra,JOGESHWARI EAST,INC,,50543,M,2,1,0,FALSE,FALSE,34.52,23609,16.12,53,,1
AEMH90419,11,0,2009,CHITRE SANJAY PRABHAKAR,Maharashtra,JOGESHWARI EAST,MNS,,26934,M,3,1,0,FALSE,FALSE,18.39,25916,17.7,55,,1
AEMH90422,11,0,2009,TALWARE UDDHAV HARI,Maharashtra,JOGESHWARI EAST,BBM,,910,M,6,1,0,FALSE,FALSE,0.62,240,0.16,46,,1
AEMH90428,11,0,2009,SUNIL PRABHU,Maharashtra,DINDOSHI,SHS,,40413,M,2,1,0,FALSE,FALSE,29.73,826,0.61,40,,1
AEMH90429,11,0,2009,THAKARE SHALINI JITENDRA,Maharashtra,DINDOSHI,MNS,,39587,F,3,1,0,FALSE,FALSE,29.12,35278,25.95,40,,1
AEMH90430,11,0,2009,MISHRA SHREEKANT,Maharashtra,DINDOSHI,SP,,4309,M,4,1,0,FALSE,FALSE,3.17,2626,1.93,47,,1
AEMH90432,11,0,2009,PARLE BHIKAJI DHONDIRAM,Maharashtra,DINDOSHI,JSS,,1430,M,6,1,0,FALSE,FALSE,1.05,522,0.38,52,,1
AEMH90438,11,0,2009,THAKUR RAMESH SINGH,Maharashtra,KANDIVALI EAST,INC,,50138,M,1,1,1,FALSE,FALSE,42.92,11306,9.68,46,1,1
AEMH90440,11,0,2009,PAWAR VINOD TUKARAM,Maharashtra,KANDIVALI EAST,MNS,,24091,M,3,1,0,FALSE,FALSE,20.62,23141,19.81,55,,1
AEMH90450,11,0,2009,YOGESH SAGAR,Maharashtra,CHARKOP,BJP,,58687,M,1,1,1,FALSE,FALSE,45.74,16363,12.75,46,1,1
AEMH90451,11,0,2009,BHARAT PAREKH,Maharashtra,CHARKOP,INC,,42324,M,2,1,0,FALSE,FALSE,32.99,19056,14.85,55,,1
AEMH90452,11,0,2009,DEEPAK AMRUT DESAI,Maharashtra,CHARKOP,MNS,,23268,M,3,1,0,FALSE,FALSE,18.13,21729,16.94,43,,1
AEMH90454,11,0,2009,KABARE PRADEEP RADHAKRISHNA,Maharashtra,CHARKOP,BVA,,750,M,5,1,0,FALSE,FALSE,0.58,136,0.11,52,,1
AEMH90459,11,0,2009,ASLAM SHAIKH,Maharashtra,MALAD WEST,INC,,51635,M,1,1,1,FALSE,FALSE,43.49,27695,23.33,41,1,1
AEMH90460,11,0,2009,R. U. SINGH,Maharashtra,MALAD WEST,BJP,,23940,M,2,1,0,FALSE,FALSE,20.16,7490,6.31,59,,1
AEMH90461,11,0,2009,DESAI NEELA PADMAKAR,Maharashtra,MALAD WEST,MNS,,16450,F,3,1,0,FALSE,FALSE,13.85,10106,8.51,60,,1
AEMH90467,11,0,2009,KHAN AZIMUDDIN SHAMI,Maharashtra,MALAD WEST,SP,,1486,M,9,1,0,FALSE,FALSE,1.25,560,0.47,34,,1
AEMH90475,7,0,1990,SHARAD RAO,Maharashtra,GOREGAON,JD,,46426,M,2,4,0,FALSE,FALSE,40.87,28013,24.66,,,4
AEMH90475,8,0,1995,SHARAD RAO,Maharashtra,GOREGAON,SAP,JD,36523,M,2,4,0,TRUE,FALSE,27.07,6493,4.81,,,4
AEMH90475,10,0,2004,SHARAD RAO,Maharashtra,GOREGAON,NCP,SAP,56911,M,2,4,0,TRUE,FALSE,43.11,53628,40.63,64,,4
AEMH90475,11,0,2009,SHARAD RAO,Maharashtra,GOREGAON,NCP,NCP,44302,M,2,4,0,FALSE,FALSE,30.41,18320,12.58,68,,4
AEMH90476,11,0,2009,DR. UDAY C. MASHELKAR,Maharashtra,GOREGAON,MNS,,25982,M,3,1,0,FALSE,FALSE,17.83,23697,16.27,59,,1
AEMH90483,11,0,2009,DEEPAK BHAUSAHEB GHAMARE,Maharashtra,GOREGAON,BBM,,454,M,10,1,0,FALSE,FALSE,0.31,0,0,49,,1
AEMH90485,11,0,2009,YASHODHAR (SHAILESH) P. PHANSE,Maharashtra,VERSOVA,SHS,,32784,M,2,1,0,FALSE,FALSE,32.58,22162,22.02,46,,1
AEMH90486,11,0,2009,CHANGEZ MULTANI,Maharashtra,VERSOVA,SP,,10622,M,3,1,0,FALSE,FALSE,10.56,963,0.96,43,,1
AEMH90487,11,0,2009,DHURI MANISH SURESH,Maharashtra,VERSOVA,MNS,,9659,M,4,1,0,FALSE,FALSE,9.6,8981,8.93,32,,1
AEMH90496,11,0,2009,VISHNU V. KORGAONKAR (MAHARAJ),Maharashtra,ANDHERI WEST,SHS,,27741,M,2,1,0,FALSE,FALSE,22.83,9505,7.82,50,,1
AEMH90499,11,0,2009,CHUNAWALA HABIB ABDUL LATIF,Maharashtra,ANDHERI WEST,SP,,2253,M,5,1,0,FALSE,FALSE,1.85,1641,1.35,58,,1
AEMH90509,11,0,2009,SHETTY SURESH HIRIYANNA,Maharashtra,ANDHERI EAST,INC,,55990,M,1,1,1,FALSE,FALSE,40.74,5153,3.75,54,1,1
AEMH90510,11,0,2009,RAMESH KONDIRAM LATKE,Maharashtra,ANDHERI EAST,SHS,,50837,M,2,1,0,FALSE,FALSE,36.99,25785,18.76,39,,1
AEMH90518,11,0,2009,KRISHNA HEGDE,Maharashtra,VILE PARLE,INC,,44338,M,1,1,1,FALSE,FALSE,33.94,1704,1.3,42,1,1
AEMH90520,11,0,2009,PARKAR SHIRISH LAXMAN,Maharashtra,VILE PARLE,MNS,,35156,M,3,1,0,FALSE,FALSE,26.91,32871,25.16,45,,1
AEMH90531,11,0,2009,SOU. CHITRA SOMNATH SANGLE,Maharashtra,CHANDIVALI,SHS,,22782,F,3,1,0,FALSE,FALSE,14.24,20607,12.88,48,,1
AEMH90537,11,0,2009,RAM KADAM,Maharashtra,GHATKOPAR WEST,MNS,,60343,M,1,1,1,FALSE,FALSE,53.6,26228,23.3,38,1,1
AEMH90538,11,0,2009,POONAM MAHAJAN RAO,Maharashtra,GHATKOPAR WEST,BJP,,34115,F,2,1,0,FALSE,FALSE,30.3,26019,23.11,29,,1
AEMH90544,11,0,2009,DR. SUHAS GORAKHNATH BHOSLE,Maharashtra,GHATKOPAR WEST,BBM,,744,M,8,1,0,FALSE,FALSE,0.66,113,0.1,42,,1
AEMH90557,11,0,2009,MEHTA PRAKASH MANCHHUBHAI,Maharashtra,GHATKOPAR EAST,BJP,,43600,M,1,1,1,FALSE,FALSE,35.12,10415,8.39,50,1,1
AEMH90558,11,0,2009,BAKSHI VIRENDRA RAJPAL,Maharashtra,GHATKOPAR EAST,INC,,33185,M,2,1,0,FALSE,FALSE,26.73,6862,5.53,61,,1
AEMH90559,11,0,2009,NARKAR SATISH RATNAKAR,Maharashtra,GHATKOPAR EAST,MNS,,26323,M,3,1,0,FALSE,FALSE,21.2,11150,8.98,33,,1
AEMH90570,11,0,2009,APPASAHEB BHIMRAO WAGARE,Maharashtra,MANKHURD SHIVAJI NAGAR,MNS,,21838,M,3,1,0,FALSE,FALSE,19.12,12402,10.86,39,,1
AEMH90572,11,0,2009,SHAHID REZA BEG,Maharashtra,MANKHURD SHIVAJI NAGAR,SHS,,6991,M,5,1,0,FALSE,FALSE,6.12,3724,3.26,37,,1
AEMH90583,11,0,2009,MIRZA QASIM HUSAIN,Maharashtra,MANKHURD SHIVAJI NAGAR,BBM,,414,M,16,1,0,FALSE,FALSE,0.36,7,0.01,38,,1
AEMH90595,11,0,2009,KATE TUKARAM RAMKRISHNA,Maharashtra,ANUSHAKTI NAGAR,SHS,,32103,M,2,1,0,FALSE,FALSE,29.13,15366,13.94,51,,1
AEMH90596,11,0,2009,ACHARYA NAVIN VIDYADHAR,Maharashtra,ANUSHAKTI NAGAR,MNS,,16737,M,3,1,0,FALSE,FALSE,15.19,9463,8.59,37,,1
AEMH90606,11,0,2009,ANIL BACHUBHAI CHAUHAN,Maharashtra,CHEMBUR,MNS,,29465,M,2,1,0,FALSE,FALSE,23.87,7714,6.25,35,,1
AEMH90607,11,0,2009,ANIL GAJANAN THAKUR,Maharashtra,CHEMBUR,BJP,,21751,M,3,1,0,FALSE,FALSE,17.62,1284,1.04,53,,1
AEMH90618,11,0,2009,MILIND (ANNA ) KAMBLE,Maharashtra,KURLA,NCP,,41891,M,1,1,1,FALSE,FALSE,34.56,6971,5.75,40,1,1
AEMH90619,11,0,2009,MANGESH KUDALKAR,Maharashtra,KURLA,SHS,,34920,M,2,1,0,FALSE,FALSE,28.81,953,0.79,38,,1
AEMH90625,11,0,2009,ANIL BANSI OVAL,Maharashtra,KURLA,BBM,,502,M,8,1,0,FALSE,FALSE,0.41,23,0.02,49,,1
AEMH90630,11,0,2009,ADV. DINANATH TIWARI,Maharashtra,KALINA,BJP,,13994,M,3,1,0,FALSE,FALSE,11.94,3017,2.57,57,,1
AEMH90631,11,0,2009,ASHRAF AZMI ASLAM AZMI,Maharashtra,KALINA,SP,,10977,M,4,1,0,FALSE,FALSE,9.36,9749,8.32,44,,1
AEMH90639,11,0,2009,SHILPA ATUL SARPOTDAR,Maharashtra,VANDRE EAST,MNS,,19109,F,3,1,0,FALSE,FALSE,16,8183,6.85,42,,1
AEMH90640,11,0,2009,SHAIKH SHABBIR HUSSAIN,Maharashtra,VANDRE EAST,SP,,10926,M,4,1,0,FALSE,FALSE,9.15,9307,7.79,35,,1
AEMH90643,11,0,2009,AKUL ASHOK SATYA,Maharashtra,VANDRE EAST,BBM,,554,M,7,1,0,FALSE,FALSE,0.46,22,0.02,57,,1
AEMH90653,9,0,1999,BABA ZIAUDDAN SIDDIQUE,Maharashtra,VANDRE,INC,,38380,M,1,2,2,FALSE,FALSE,47.89,8904,11.11,,2,2
AEMH90653,11,0,2009,(BABA) ZIAUDDIN SIDDIQUE,Maharashtra,VANDRE WEST,INC,INC,59659,M,1,2,2,FALSE,FALSE,46.52,1691,1.32,51,2,2
AEMH90654,11,0,2009,ADV. ASHISH SHELAR,Maharashtra,VANDRE WEST,BJP,,57968,M,2,1,0,FALSE,FALSE,45.2,52836,41.2,37,,1
AEMH90656,11,0,2009,RIZWAN MERCHANT,Maharashtra,VANDRE WEST,SP,,1862,M,4,1,0,FALSE,FALSE,1.45,614,0.48,50,,1
AEMH90664,11,0,2009,RAIBAGE MANOHAR KEDARI,Maharashtra,DHARAVI,SHS,,42783,M,2,1,0,FALSE,FALSE,40.55,35514,33.66,49,,1
AEMH90671,11,0,2009,DR. MANISHA KAYANDE,Maharashtra,SION KOLIWADA,BJP,,27615,F,2,1,0,FALSE,FALSE,23.67,6788,5.82,46,,1
AEMH90672,11,0,2009,VINOD SHANTARAM KHOPKAR,Maharashtra,SION KOLIWADA,MNS,,20827,M,3,1,0,FALSE,FALSE,17.85,5166,4.43,63,,1
AEMH90682,11,0,2009,DIGAMBAR DATTARAM KANDARKAR,Maharashtra,WADALA,SHS,,25765,M,2,1,0,FALSE,FALSE,22.95,1743,1.55,53,,1
AEMH90683,11,0,2009,PRAMOD SHIVAJI PATIL,Maharashtra,WADALA,MNS,,24022,M,3,1,0,FALSE,FALSE,21.4,20750,18.48,28,,1
AEMH90686,11,0,2009,ARVIND GANPAT PAWAR,Maharashtra,WADALA,BBM,,660,M,6,1,0,FALSE,FALSE,0.59,51,0.05,44,,1
AEMH90691,11,0,2009,NITIN VIJAYKUMAR SARDESAI,Maharashtra,MAHIM,MNS,,48734,M,1,1,1,FALSE,FALSE,37.82,8926,6.93,45,1,1
AEMH90693,11,0,2009,ADESH CHANDRAKANT BANDEKAR,Maharashtra,MAHIM,SHS,,36364,M,3,1,0,FALSE,FALSE,28.22,34474,26.75,43,,1
AEMH90701,11,0,2009,ASHISH CHEMBURKAR,Maharashtra,WORLI,SHS,,47104,M,2,1,0,FALSE,FALSE,34.01,14562,10.51,46,,1
AEMH90702,11,0,2009,JAMDAR SANJAY CHANDRAKANT,Maharashtra,WORLI,MNS,,32542,M,3,1,0,FALSE,FALSE,23.49,30161,21.78,47,,1
AEMH90705,11,0,2009,DR. MANE VIJAY BABURAO,Maharashtra,WORLI,BBM,,843,M,6,1,0,FALSE,FALSE,0.61,128,0.09,42,,1
AEMH90712,11,0,2009,SMITA CHOUDHARI (DHRUVA),Maharashtra,SHIVADI,INC,,15431,F,3,1,0,FALSE,FALSE,10.96,13879,9.86,41,,1
AEMH90718,11,0,2009,SANJAY GOPAL NAIK,Maharashtra,BYCULLA,MNS,,27198,M,2,1,0,FALSE,FALSE,23.39,1495,1.29,47,,1
AEMH90721,11,0,2009,SARFARAZ AARJU,Maharashtra,BYCULLA,SP,,3708,M,5,1,0,FALSE,FALSE,3.19,2876,2.47,53,,1
AEMH90730,11,0,2009,BAFNA RAJKUMAR SUMERMAL,Maharashtra,MALABAR HILL,INC,,33971,M,2,1,0,FALSE,FALSE,27.7,8022,6.54,47,,1
AEMH90731,11,0,2009,ADV. ARCHIT MOHAN JAYKAR,Maharashtra,MALABAR HILL,MNS,,25949,M,3,1,0,FALSE,FALSE,21.16,25218,20.56,27,,1
AEMH90753,11,0,2009,AMIN PATEL,Maharashtra,MUMBA DEVI,INC,,45285,M,1,1,1,FALSE,FALSE,46.83,16639,17.21,46,1,1
AEMH90754,11,0,2009,ANIL CHANDRAKANT PADWAL,Maharashtra,MUMBA DEVI,SHS,,28646,M,2,1,0,FALSE,FALSE,29.62,8710,9.01,42,,1
AEMH90776,11,0,2009,PRASHANT RAMSHETH THAKUR,Maharashtra,PANVEL,INC,,80671,M,1,1,1,FALSE,FALSE,49.11,12961,7.89,35,1,1
AEMH90777,11,0,2009,BALARAM DATTATREYA PATIL,Maharashtra,PANVEL,PWPI,,67710,M,2,1,0,FALSE,FALSE,41.22,58892,35.85,46,,1
AEMH90793,11,0,2009,EKNATH PANDURANG PINGALE,Maharashtra,KARJAT,MNS,,16876,M,4,1,0,FALSE,FALSE,11.6,4127,2.84,39,,1
AEMH90805,11,0,2009,PATIL VIVEKANAND SHANKAR,Maharashtra,URAN,PWPI,,82017,M,1,1,1,FALSE,FALSE,53.92,20025,13.16,54,1,1
AEMH90806,11,0,2009,MHATRE SHYAM PADAJI,Maharashtra,URAN,INC,,61992,M,2,1,0,FALSE,FALSE,40.75,59612,39.19,55,,1
AEMH90808,11,0,2009,USHATAI PANDURANG KAMBLE,Maharashtra,URAN,BBM,,2266,F,4,1,0,FALSE,FALSE,1.49,521,0.34,48,,1
AEMH90812,11,0,2009,PATIL RAVISHETH DAGADU,Maharashtra,PEN,INC,,53141,M,2,1,0,FALSE,FALSE,29.9,3149,1.77,59,,1
AEMH90829,11,0,2009,HALADE NAINUDDIN JAINUDDIN,Maharashtra,ALIBAG,JSS,,1384,M,7,1,0,FALSE,FALSE,0.8,107,0.06,39,,1
AEMH90840,11,0,2009,DR. SINGH NARENDRA RAMLAXMAN,Maharashtra,SHRIVARDHAN,BBM,,937,M,8,1,0,FALSE,FALSE,0.68,0,0,59,,1
AEMH90841,11,0,2009,BHARATSHET GOGAWALE,Maharashtra,MAHAD,SHS,,85650,M,1,1,1,FALSE,FALSE,51.61,14050,8.47,46,1,1
AEMH90843,11,0,2009,JADHAV KISHOR NARAYAN,Maharashtra,MAHAD,MNS,,2540,M,3,1,0,FALSE,FALSE,1.53,226,0.14,41,,1
AEMH90850,6,0,1985,VELLABH DATTARAY BENAKE,Maharashtra,JUNNAR,ICS,,41840,M,1,6,4,FALSE,FALSE,51.27,3428,4.2,,4,6
AEMH90850,7,0,1990,BENKE WALLABH DATTATRAY,Maharashtra,JUNNAR,INC,ICS,37953,M,1,6,4,TRUE,TRUE,36.55,10376,9.99,,4,6
AEMH90850,8,0,1995,BENAKE VALLABHDATTATRAYA,Maharashtra,JUNNAR,INC,INC,42545,M,2,6,4,FALSE,TRUE,30.85,15561,11.28,,4,6
AEMH90850,9,0,1999,BENAKE VALLABH DATTATRAYA,Maharashtra,JUNNAR,NCP,INC,39865,M,2,6,4,TRUE,FALSE,34.17,21856,18.73,,4,6
AEMH90850,10,0,2004,BENKE VALLABH DATTATRAYA,Maharashtra,JUNNAR,NCP,NCP,73855,M,1,6,4,FALSE,FALSE,50,14131,9.57,54,4,6
AEMH90850,11,0,2009,BENAKE VALLABH DATTARAY,Maharashtra,JUNNAR,NCP,NCP,79360,M,1,6,4,FALSE,TRUE,48.53,6458,3.95,59,4,6
AEMH90851,11,0,2009,ASHA DATTATRAY BUCHAKE,Maharashtra,JUNNAR,SHS,,72902,F,2,1,0,FALSE,FALSE,44.58,68161,41.68,44,,1
AEMH90852,11,0,2009,ADV. KRISHNA DASHRATH LANDE,Maharashtra,JUNNAR,MNS,,4741,M,3,1,0,FALSE,FALSE,2.9,2653,1.62,45,,1
AEMH90859,11,0,2009,ADHALRAO KALPANA SHIVAJI,Maharashtra,AMBEGAON,SHS,,62502,F,2,1,0,FALSE,FALSE,36.41,60596,35.3,51,,1
AEMH90863,11,0,2009,DHERANGE SANDEEP DASHRATH,Maharashtra,AMBEGAON,MNS,,1233,M,6,1,0,FALSE,FALSE,0.72,154,0.09,29,,1
AEMH90870,11,0,2009,ASHOK SHRIPATI KHANDEBHARAD,Maharashtra,KHED ALANDI,SHS,,43934,M,2,1,0,FALSE,FALSE,26.21,3406,2.03,45,,1
AEMH90875,11,0,2009,ASHOK RAOSAHEB PAWAR,Maharashtra,SHIRUR,NCP,,53936,M,1,1,1,FALSE,FALSE,29.43,7567,4.13,51,1,1
AEMH90877,11,0,2009,BANDAL MANGALDAS VITTHALRAO,Maharashtra,SHIRUR,BJP,,37996,M,3,1,0,FALSE,FALSE,20.73,17475,9.54,36,,1
AEMH90881,11,0,2009,VIKAS SADASHIV LAWANDE,Maharashtra,SHIRUR,RSPS,,2486,M,7,1,0,FALSE,FALSE,1.36,747,0.41,37,,1
AEMH90889,11,0,2009,ADV. RAHUL SUBHASHRAO KUL,Maharashtra,DAUND,NCP,,68322,M,2,1,0,FALSE,FALSE,38.84,61259,34.82,31,,1
AEMH90893,11,0,2009,BHANUDAS SURESH SHINDE,Maharashtra,DAUND,SWP,,2392,M,6,1,0,FALSE,FALSE,1.36,792,0.45,31,,1
AEMH90899,11,0,2009,DATTATRAY VITHOBA BHARANE,Maharashtra,INDAPUR,IND,,84769,M,2,1,0,FALSE,FALSE,44.45,80663,42.3,41,,1
AEMH90900,11,0,2009,BHIMRAO MANIKRAO BHOSALE PA.,Maharashtra,INDAPUR,SHS,,4106,M,3,1,0,FALSE,FALSE,2.15,1472,0.77,48,,1
AEMH90911,11,0,2009,MORE VASANT GANPAT,Maharashtra,INDAPUR,SP,,253,M,14,1,0,FALSE,FALSE,0.13,0,0,39,,1
AEMH90914,11,0,2009,AD. KALE RAJENDRA DATTATRAYA,Maharashtra,BARAMATI,SHS,,19627,M,3,1,0,FALSE,FALSE,10.42,13585,7.21,39,,1
AEMH90915,11,0,2009,DASHARATH NANA RAUT,Maharashtra,BARAMATI,RSPS,,6042,M,4,1,0,FALSE,FALSE,3.21,5,0,48,,1
AEMH90919,11,0,2009,SHIVTARE VIJAY SOPANRAO,Maharashtra,PURANDAR,SHS,,67998,M,1,1,1,FALSE,FALSE,38.43,23469,13.26,50,1,1
AEMH90920,11,0,2009,DURGADE DIGAMBAR GANPAT,Maharashtra,PURANDAR,NCP,,44529,M,2,1,0,FALSE,FALSE,25.16,11016,6.23,43,,1
AEMH90923,11,0,2009,KRUSHNA HARIBHAU LOHOKARE,Maharashtra,PURANDAR,MNS,,11180,M,5,1,0,FALSE,FALSE,6.32,9226,5.21,42,,1
AEMH90928,11,0,2009,THOPATE SANGRAM ANANTRAO,Maharashtra,BHOR,INC,,59041,M,1,1,1,FALSE,FALSE,31.12,18580,9.79,31,1,1
AEMH90932,11,0,2009,GARUDKAR RAVINDRA BABAN,Maharashtra,BHOR,MNS,,14970,M,5,1,0,FALSE,FALSE,7.89,274,0.14,42,,1
AEMH90941,11,0,2009,BALA ALIAS SANJAY VISHWANATH BHEGADE,Maharashtra,MAVAL,BJP,,83158,M,1,1,1,FALSE,FALSE,45.3,14318,7.8,33,1,1
AEMH90942,11,0,2009,BAPU JAYWANTRAO BHEGADE,Maharashtra,MAVAL,NCP,,68840,M,2,1,0,FALSE,FALSE,37.5,53680,29.24,42,,1
AEMH90944,11,0,2009,RAJU NAMDEV PINJAN,Maharashtra,MAVAL,MNS,,8472,M,4,1,0,FALSE,FALSE,4.62,5913,3.22,37,,1
AEMH90947,11,0,2009,ADV. NAVNATH KUNDLIK GADE,Maharashtra,MAVAL,BBM,,1356,M,7,1,0,FALSE,FALSE,0.74,185,0.1,51,,1
AEMH90950,11,0,2009,JAGTAP LAXMAN PANDURANG,Maharashtra,CHINCHWAD,IND,,78741,M,1,1,1,FALSE,FALSE,39.78,6575,3.32,47,1,1
AEMH90951,11,0,2009,APPA ALIAS SHRIRANG CHANDU BARNE,Maharashtra,CHINCHWAD,SHS,,72166,M,2,1,0,FALSE,FALSE,36.46,47482,23.99,45,,1
AEMH90952,11,0,2009,BHAUSAHEB SOPANRAO BHOIR,Maharashtra,CHINCHWAD,INC,,24684,M,3,1,0,FALSE,FALSE,12.47,9123,4.61,42,,1
AEMH90956,11,0,2009,SHARMALE R . B. ( ADVOCATE ),Maharashtra,CHINCHWAD,SP,,827,M,7,1,0,FALSE,FALSE,0.42,390,0.2,56,,1
AEMH90960,11,0,2009,NADANA BALASO GAIKWAD,Maharashtra,CHINCHWAD,BBM,,371,F,11,1,0,FALSE,FALSE,0.19,37,0.02,34,,1
AEMH90964,11,0,2009,ANNA BANSODE,Maharashtra,PIMPRI,NCP,,61061,M,1,1,1,FALSE,FALSE,41.69,9527,6.5,40,1,1
AEMH90965,11,0,2009,AMAR SHANKAR SABLE,Maharashtra,PIMPRI,BJP,,51534,M,2,1,0,FALSE,FALSE,35.19,40388,27.58,46,,1
AEMH90972,11,0,2009,ER. DEVENDRA SAHADEO TAYADE,Maharashtra,PIMPRI,BBM,,803,M,9,1,0,FALSE,FALSE,0.55,107,0.07,41,,1
AEMH90982,11,0,2009,UBALE SULBHA RAMBHAU,Maharashtra,BHOSARI,SHS,,49200,F,2,1,0,FALSE,FALSE,29.69,22402,13.52,37,,1
AEMH90983,11,0,2009,MAGALATAI ASHOK KADAM,Maharashtra,BHOSARI,NCP,,26798,F,3,1,0,FALSE,FALSE,16.17,7730,4.66,47,,1
AEMH90997,11,0,2009,BAPUSAHEB TUKARAM PATHARE,Maharashtra,VADGAOL SHERI,NCP,,72034,M,1,1,1,FALSE,FALSE,43.01,33116,19.77,49,1,1
AEMH90998,11,0,2009,BHOSALE AJAY JAYWANT,Maharashtra,VADGAOL SHERI,SHS,,38918,M,2,1,0,FALSE,FALSE,23.24,10339,6.17,40,,1
AEMH90999,11,0,2009,ENDAL RAJENDRA SHANKARRAO,Maharashtra,VADGAOL SHERI,MNS,,28579,M,3,1,0,FALSE,FALSE,17.06,15439,9.22,42,,1
AEMH91010,10,0,2004,NIMHAN VINAYAK MAHADEO,Maharashtra,SHIVAJINAGAR,SHS,,114713,M,1,2,2,FALSE,FALSE,57.91,38181,19.28,42,2,2
AEMH91010,11,0,2009,NIMHAN VINAYAK MAHADEV,Maharashtra,SHIVAJINAGAR,INC,SHS,50918,M,1,2,2,TRUE,TRUE,39.31,20530,15.85,46,2,2
AEMH91011,11,0,2009,PROF. VIKAS MATHKARI,Maharashtra,SHIVAJINAGAR,BJP,,30388,M,2,1,0,FALSE,FALSE,23.46,4245,3.28,43,,1
AEMH91012,11,0,2009,RANJIT SHRIKANT SHIROLE,Maharashtra,SHIVAJINAGAR,MNS,,26143,M,3,1,0,FALSE,FALSE,20.18,10223,7.89,33,,1
AEMH91016,11,0,2009,SANJAY KISAN BHINGARE,Maharashtra,SHIVAJINAGAR,BBM,,601,M,7,1,0,FALSE,FALSE,0.46,128,0.1,48,,1
AEMH91027,11,0,2009,CHANDRAKANT BALBHIM MOKATE,Maharashtra,KOTHRUD,SHS,,52055,M,1,1,1,FALSE,FALSE,33.65,7212,4.66,42,1,1
AEMH91028,11,0,2009,ADV. KISHOR NANA SHINDE,Maharashtra,KOTHRUD,MNS,,44843,M,2,1,0,FALSE,FALSE,28.99,21990,14.21,33,,1
AEMH91030,11,0,2009,ANNA JOSHI,Maharashtra,KOTHRUD,NCP,,19095,M,4,1,0,FALSE,FALSE,12.34,9095,5.88,74,,1
AEMH91037,11,0,2009,VIJAY RAMESH BODEKAR,Maharashtra,KOTHRUD,RSPS,,453,M,11,1,0,FALSE,FALSE,0.29,43,0.03,30,,1
AEMH91042,11,0,2009,WANJALE RAMESH HIRAMAN,Maharashtra,KHADAKWASALA,MNS,,79006,M,1,1,1,FALSE,FALSE,44.93,22518,12.81,44,1,1
AEMH91043,11,0,2009,VIKAS PANDHARINATH DANGAT,Maharashtra,KHADAKWASALA,NCP,,56488,M,2,1,0,FALSE,FALSE,32.12,27317,15.54,42,,1
AEMH91044,11,0,2009,MURLIDHAR KISAN MOHOL,Maharashtra,KHADAKWASALA,BJP,,29171,M,3,1,0,FALSE,FALSE,16.59,24779,14.09,34,,1
AEMH91051,11,0,2009,DR. SMITA SOMNATH POL,Maharashtra,KHADAKWASALA,BBM,,571,F,10,1,0,FALSE,FALSE,0.32,78,0.04,30,,1
AEMH91054,11,1,2011,T.B. Dhondiba,Maharashtra,KHADAKWASALA,BJP,,59634,"",1,1,1,FALSE,FALSE,50.26,3625,3.05,,1,1
AEMH91055,11,1,2011,W.H. Rameshbhau,Maharashtra,KHADAKWASALA,NCP,,56009,"",2,1,0,FALSE,FALSE,47.2,55171,46.49,,,1
AEMH91062,11,0,2009,MADHURI SATISH MISAL,Maharashtra,PARVATI,BJP,,64959,F,1,1,1,FALSE,FALSE,42,18216,11.78,44,1,1
AEMH91063,11,0,2009,TAWARE SACHIN SHAM,Maharashtra,PARVATI,NCP,,46743,M,2,1,0,FALSE,FALSE,30.22,17054,11.03,35,,1
AEMH91064,11,0,2009,GADADE SHIVAJI BHIWA,Maharashtra,PARVATI,MNS,,29689,M,3,1,0,FALSE,FALSE,19.19,26473,17.11,45,,1
AEMH91065,11,0,2009,KIRANTAI MOGHE,Maharashtra,PARVATI,CPM,,3216,F,4,1,0,FALSE,FALSE,2.08,1072,0.69,49,,1
AEMH91066,11,0,2009,ADV.KIRAN EKNATH KADAM,Maharashtra,PARVATI,BBM,,2144,M,5,1,0,FALSE,FALSE,1.39,153,0.1,38,,1
AEMH91083,11,0,2009,BABAR MAHADEO RAMCHANDRA,Maharashtra,HADAPSAR,SHS,,65517,M,1,1,1,FALSE,FALSE,39.74,10309,6.25,45,1,1
AEMH91084,11,0,2009,SHIVARKAR CHANDRKANT VITTHALRAO,Maharashtra,HADAPSAR,INC,,55208,M,2,1,0,FALSE,FALSE,33.49,22116,13.41,58,,1
AEMH91085,11,0,2009,VASANT KRUSHNA MORE,Maharashtra,HADAPSAR,MNS,,33092,M,3,1,0,FALSE,FALSE,20.07,30837,18.7,35,,1
AEMH91092,11,0,2009,AMANULLA MOHAMMAD AL KHAN,Maharashtra,HADAPSAR,BBM,,918,M,10,1,0,FALSE,FALSE,0.56,525,0.32,56,,1
AEMH91103,11,0,2009,SADANAND KRISHNA SHETTY,Maharashtra,PUNE CANTONMENT,SHS,,28313,M,2,1,0,FALSE,FALSE,24.75,23220,20.3,39,,1
AEMH91123,11,0,2009,DHANGEKAR RAVINDRA HEMRAJ,Maharashtra,KASBA PETH,MNS,,46820,M,2,1,0,FALSE,FALSE,30.09,92,0.06,42,,1
AEMH91126,11,0,2009,ANIS AHMMAD,Maharashtra,KASBA PETH,SP,,1110,M,5,1,0,FALSE,FALSE,0.71,83,0.05,33,,1
AEMH91143,11,0,2009,TALPADE MADHUKAR SHANKAR,Maharashtra,AKOLE,SHS,,50964,M,2,1,0,FALSE,FALSE,37.15,33948,24.75,48,,1
AEMH91145,11,0,2009,KATORE TULSHIRAM MANGA,Maharashtra,AKOLE,CPM,,7455,M,4,1,0,FALSE,FALSE,5.43,5748,4.19,26,,1
AEMH91148,11,0,2009,KUTE BABASAHEB DHONDIBA,Maharashtra,SANGAMNER,SHS,,41310,M,2,1,0,FALSE,FALSE,26.98,37083,24.22,51,,1
AEMH91159,11,0,2009,DR. PIPADA RAJENDRA MADANLAL,Maharashtra,SHIRDI,SHS,,66992,M,2,1,0,FALSE,FALSE,43.99,65455,42.98,44,,1
AEMH91168,11,0,2009,BIPINDADA SHANKARRAO KOLHE,Maharashtra,KOPARGAON,NCP,,77989,M,2,1,0,FALSE,FALSE,44.98,73558,42.42,48,,1
AEMH91171,11,0,2009,JADHAV BALASAHEB KARBHARI,Maharashtra,KOPARGAON,MNS,,1295,M,5,1,0,FALSE,FALSE,0.75,2,0,45,,1
AEMH91178,11,0,2009,NANDA BALU JADHAV,Maharashtra,KOPARGAON,BBM,,165,F,12,1,0,FALSE,FALSE,0.1,0,0,35,,1
AEMH91179,11,0,2009,KAMBLE BHAUSAHEB MALHARI,Maharashtra,SHRIRAMPUR,INC,,59819,M,1,1,1,FALSE,FALSE,38.81,20897,13.56,54,1,1
AEMH91180,11,0,2009,DOLAS BHAUSAHEB KARBHARI,Maharashtra,SHRIRAMPUR,SHS,,38922,M,2,1,0,FALSE,FALSE,25.25,18685,12.12,54,,1
AEMH91191,11,0,2009,RAOSAHEB APPAJI MOHAN,Maharashtra,SHRIRAMPUR,BBM,,705,M,13,1,0,FALSE,FALSE,0.46,54,0.04,53,,1
AEMH91203,9,0,1999,GADAKH SHANKARRAO YESHWANTRAO,Maharashtra,AHMEDNAGAR NORTH,NCP,,49562,M,2,2,1,FALSE,FALSE,34.34,19383,13.43,,1,2
AEMH91203,11,0,2009,GADAKH SHANKARRAO YASHWANTRAO,Maharashtra,NEVASA,NCP,NCP,91429,M,1,2,1,FALSE,FALSE,53.47,21486,12.56,39,1,2
AEMH91211,11,0,2009,GHULE CHANDRASHEKHAR MARUTRAOJI,Maharashtra,SHEVGAON,NCP,,81890,M,1,1,1,FALSE,FALSE,38.73,20144,9.53,44,1,1
AEMH91217,11,0,2009,GARJE SHIVAJIRAO YASHAWANT,Maharashtra,SHEVGAON,MNS,,2443,M,7,1,0,FALSE,FALSE,1.16,733,0.35,58,,1
AEMH91226,11,0,2009,GAVARE PETRAS KISAN,Maharashtra,SHEVGAON,BBM,,203,M,16,1,0,FALSE,FALSE,0.1,0,0,60,,1
AEMH91229,11,0,2009,GADE SHIVAJI RAMBHAU,Maharashtra,RAHURI,SWP,,42141,M,3,1,0,FALSE,FALSE,24.64,27657,16.17,46,,1
AEMH91231,11,0,2009,DNYANESHWAR DATTATRAYA GADE,Maharashtra,RAHURI,MNS,,2474,M,5,1,0,FALSE,FALSE,1.45,1116,0.65,34,,1
AEMH91244,11,0,2009,DERE GULAB BHAGWANT,Maharashtra,PARNER,SWP,,3211,M,5,1,0,FALSE,FALSE,1.91,930,0.55,52,,1
AEMH91245,11,0,2009,UCHALE MADHUKAR MHATARBA,Maharashtra,PARNER,NCP,,2281,M,6,1,0,FALSE,FALSE,1.36,726,0.43,40,,1
AEMH91249,11,0,2009,GAIKWAD BALASAHEB LAHU,Maharashtra,PARNER,BBM,,1094,M,10,1,0,FALSE,FALSE,0.65,53,0.03,39,,1
AEMH91255,9,0,1999,RATHOD ANIL (BHAIYYA) RAMKISAN,Maharashtra,AHMEDNAGAR SOUTH,SHS,,38925,M,1,3,3,FALSE,FALSE,36.74,16899,15.95,,3,3
AEMH91255,10,0,2004,ANILBHAIYYA RAMKISAN RATHOD (B COM),Maharashtra,AHMEDNAGAR SOUTH,SHS,SHS,78192,M,1,3,3,FALSE,TRUE,58.32,25450,18.98,54,3,3
AEMH91255,11,0,2009,ANIL BHAYYA RAMKISAN RATHOD,Maharashtra,AHMEDNAGAR CITY,SHS,SHS,65271,M,1,3,3,FALSE,TRUE,49.25,39545,29.84,59,3,3
AEMH91256,11,0,2009,GUNDECHA SUVALAL ANANDRAM,Maharashtra,AHMEDNAGAR CITY,INC,,25726,M,2,1,0,FALSE,FALSE,19.41,7945,6,75,,1
AEMH91259,11,0,2009,DAPHAL SACHIN CHANDRABHAN,Maharashtra,AHMEDNAGAR CITY,MNS,,7441,M,5,1,0,FALSE,FALSE,5.62,3286,2.48,35,,1
AEMH91272,11,0,2009,NAGAWADE RAJENDRA SHIVAJIRAO,Maharashtra,SHRIGONDA,BJP,,52973,M,2,1,0,FALSE,FALSE,27.73,18347,9.6,45,,1
AEMH91277,11,0,2009,ANIL JAYSING VEER,Maharashtra,SHRIGONDA,SWP,,1265,M,7,1,0,FALSE,FALSE,0.66,18,0.01,37,,1
AEMH91285,11,0,2009,GHODAKE JALINDAR TUKARAM,Maharashtra,SHRIGONDA,BBM,,350,M,15,1,0,FALSE,FALSE,0.18,50,0.03,46,,1
AEMH91287,11,0,2009,PROF. RAM SHANKAR SHINDE,Maharashtra,KARJAT JAMKHED,BJP,,42845,M,1,1,1,FALSE,FALSE,25.02,10172,5.94,40,1,1
AEMH91288,11,0,2009,DESHMUKH KESHAVRAO ALIAS BAPUSAHEB RAOSAHEB,Maharashtra,KARJAT JAMKHED,INC,,32673,M,2,1,0,FALSE,FALSE,19.08,4165,2.43,77,,1
AEMH91293,11,0,2009,POTARE SACHIN SAKHARAM,Maharashtra,KARJAT JAMKHED,MNS,,3594,M,7,1,0,FALSE,FALSE,2.1,688,0.4,35,,1
AEMH91295,11,0,2009,JANJIRE BHAUSAHEB BAPU,Maharashtra,KARJAT JAMKHED,RSPS,,2168,M,9,1,0,FALSE,FALSE,1.27,91,0.05,33,,1
AEMH91299,11,0,2009,GAIKWAD VISHNU RAJARAM,Maharashtra,KARJAT JAMKHED,BBM,,1264,M,13,1,0,FALSE,FALSE,0.74,577,0.34,63,,1
AEMH91306,11,0,2009,CHAUDHARI MAHESH RAKHMAJI,Maharashtra,GEORAI,MNS,,1380,M,6,1,0,FALSE,FALSE,0.63,609,0.28,32,,1
AEMH91312,11,0,2009,R.T. DESHMUKH (JIJA),Maharashtra,MAJALGAON,BJP,,79034,M,2,1,0,FALSE,FALSE,42.01,68957,36.66,52,,1
AEMH91313,11,0,2009,BHAI THAVARE GANGABHISHAN KASHINATHRAO,Maharashtra,MAJALGAON,PWPI,,10077,M,3,1,0,FALSE,FALSE,5.36,7944,4.22,51,,1
AEMH91327,11,0,2009,TAWARE ASHOK SHIVAJI,Maharashtra,BEED,MNS,,2886,M,4,1,0,FALSE,FALSE,1.52,1335,0.71,36,,1
AEMH91346,11,0,2009,AJABE BALASAHEB BHAUSAHEB,Maharashtra,ASHTI,BJP,,84157,M,2,1,0,FALSE,FALSE,39.08,80868,37.56,40,,1
AEMH91347,11,0,2009,DOKE HARIDAS (BAPUSAHEB) SHANTARAM,Maharashtra,ASHTI,RSPS,,3289,M,3,1,0,FALSE,FALSE,1.53,920,0.43,50,,1
AEMH91349,11,0,2009,KEDAR BALASAHEB BHAGWANRAO,Maharashtra,ASHTI,JSS,,2313,M,5,1,0,FALSE,FALSE,1.07,18,0.01,27,,1
AEMH91351,11,0,2009,WANVE GOVIND SAHEBRAO,Maharashtra,ASHTI,MNS,,2054,M,7,1,0,FALSE,FALSE,0.95,0,0,46,,1
AEMH91353,11,0,2009,NETKE VENKATRAO RAMRAO,Maharashtra,KAIJ,BJP,,66188,M,2,1,0,FALSE,FALSE,34.58,62271,32.54,60,,1
AEMH91366,11,1,2012,P.Alias.R.S.Sathe,Maharashtra,KAIJ,NCP,,85750,"",1,1,1,FALSE,FALSE,47.65,8306,4.62,,1,1
AEMH91367,11,1,2012,T.S. V. Prakash,Maharashtra,KAIJ,BJP,,77444,"",2,1,0,FALSE,FALSE,43.04,75163,41.77,,,1
AEMH91368,11,1,2012,S.D.Kamble,Maharashtra,KAIJ,SP,,2281,"",3,1,0,FALSE,FALSE,1.27,401,0.22,,,1
AEMH91386,11,0,2009,PANKAJA GOPINATHRAO MUNDE,Maharashtra,PARLI,BJP,,96222,F,1,1,1,FALSE,FALSE,57.56,36062,21.57,30,1,1
AEMH91396,11,0,2009,SHINDE VAIJANATH GYANDEV,Maharashtra,LATUR RURAL,INC,,86136,M,1,1,1,FALSE,FALSE,46.19,23583,12.65,56,1,1
AEMH91397,11,0,2009,RAMESHAPPA KASHIRAM KARAD,Maharashtra,LATUR RURAL,BJP,,62553,M,2,1,0,FALSE,FALSE,33.55,42933,23.02,42,,1
AEMH91402,11,0,2009,PROF. S.V. JADHAV,Maharashtra,LATUR RURAL,PWPI,,1780,M,7,1,0,FALSE,FALSE,0.95,6,0,55,,1
AEMH91406,11,0,2009,TATYARAO SAKHARAM WAGHMARE,Maharashtra,LATUR RURAL,BBM,,753,M,11,1,0,FALSE,FALSE,0.4,122,0.07,33,,1
AEMH91408,11,0,2009,AMIT VILASRAO DESHMUKH,Maharashtra,LATUR CITY,INC,,113006,M,1,1,1,FALSE,FALSE,64.91,89480,51.39,33,1,1
AEMH91409,11,0,2009,KAYYUMKHAN MOHMAADKHAN PATHAN,Maharashtra,LATUR CITY,BSP,,23526,M,2,1,0,FALSE,FALSE,13.51,3621,2.08,65,,1
AEMH91410,11,0,2009,SHRIPAD MADHUKARRAO KULKARNI,Maharashtra,LATUR CITY,SHS,,19905,M,3,1,0,FALSE,FALSE,11.43,9677,5.56,40,,1
AEMH91419,11,0,2009,ADV. LAHU MANIKRAO SURWASE,Maharashtra,LATUR CITY,BBM,,373,M,12,1,0,FALSE,FALSE,0.21,51,0.03,38,,1
AEMH91430,11,0,2009,BABASAHEB MOHANRAO PATIL,Maharashtra,AHMADPUR,RSPS,,69460,M,1,1,1,FALSE,FALSE,37.32,2252,1.21,48,1,1
AEMH91433,11,0,2009,SHAIKH AYYAJ EJAZ,Maharashtra,AHMADPUR,JSS,,6764,M,4,1,0,FALSE,FALSE,3.63,3440,1.85,40,,1
AEMH91434,11,0,2009,UTGE MAHESH BABURAO,Maharashtra,AHMADPUR,MNS,,3324,M,5,1,0,FALSE,FALSE,1.79,1823,0.98,36,,1
AEMH91439,11,0,2009,ULHAS AMBADAS PAWAR,Maharashtra,AHMADPUR,BBM,,667,M,10,1,0,FALSE,FALSE,0.36,36,0.02,46,,1
AEMH91444,11,0,2009,SUDHAKAR SANGRAM BHALERAO,Maharashtra,UDGIR,BJP,,73840,M,1,1,1,FALSE,FALSE,46.8,17277,10.95,42,1,1
AEMH91445,11,0,2009,KAAMANT MACHHINDRA GUNWANTRAO,Maharashtra,UDGIR,NCP,,56563,M,2,1,0,FALSE,FALSE,35.85,40277,25.53,50,,1
AEMH91451,11,0,2009,NAMDEV LAXMANRAO TIKATE,Maharashtra,UDGIR,JSS,,933,M,8,1,0,FALSE,FALSE,0.59,136,0.09,56,,1
AEMH91467,11,0,2009,SUBHASH ANANDRAO SHINDE,Maharashtra,NILANGA,RSPS,,6034,M,4,1,0,FALSE,FALSE,3.29,312,0.17,55,,1
AEMH91468,11,0,2009,PATIL MADHAVRAO HANMANTRAO,Maharashtra,NILANGA,JSS,,5722,M,5,1,0,FALSE,FALSE,3.12,1314,0.72,44,,1
AEMH91469,11,0,2009,SALUNKE ABHAY SATISH,Maharashtra,NILANGA,MNS,,4408,M,6,1,0,FALSE,FALSE,2.41,2286,1.25,30,,1
AEMH91483,11,0,2009,DAYANAND DNYANDEO KADAM,Maharashtra,AUSA,MNS,,3271,M,4,1,0,FALSE,FALSE,1.97,927,0.56,47,,1
AEMH91489,11,0,2009,CHOUGULE DNYANRAJ DHONDIRAM,Maharashtra,UMARGA,SHS,,70806,M,1,1,1,FALSE,FALSE,44.79,10332,6.54,39,1,1
AEMH91490,11,0,2009,DR. GAIKWAD BABURAO PANDURANG,Maharashtra,UMARGA,INC,,60474,M,2,1,0,FALSE,FALSE,38.25,46520,29.42,58,,1
AEMH91491,11,0,2009,MHANTTYYA KALYYA SWAMI,Maharashtra,UMARGA,MNS,,13954,M,3,1,0,FALSE,FALSE,8.83,11892,7.52,58,,1
AEMH91492,10,0,2004,RAM SAIDA GAIKWAD,Maharashtra,OMERGA,IND,,3160,M,4,2,0,FALSE,FALSE,2.13,1066,0.72,25,,2
AEMH91492,11,0,2009,GAIKWAD RAM SAIDA,Maharashtra,UMARGA,BBM,IND,2062,M,4,2,0,FALSE,FALSE,1.3,239,0.15,32,,2
AEMH91522,11,0,2009,PATIL RANAJAGJITSINHA PADMASINHA,Maharashtra,OSMANABAD,NCP,,83735,M,2,1,0,FALSE,FALSE,41.85,80003,39.98,37,,1
AEMH91527,11,0,2009,MANJULE ANIL VITTHALRAO,Maharashtra,OSMANABAD,MNS,,1108,M,7,1,0,FALSE,FALSE,0.55,164,0.08,30,,1
AEMH91531,11,0,2009,PROF.KESHAV TUKARAM GAIKWAD,Maharashtra,OSMANABAD,BBM,,649,M,11,1,0,FALSE,FALSE,0.32,7,0,55,,1
AEMH91534,11,0,2009,ADV. BHAI LOMTE SHRIHARI SADASHIV,Maharashtra,OSMANABAD,PWPI,,416,M,14,1,0,FALSE,FALSE,0.21,63,0.03,66,,1
AEMH91543,9,0,1999,BORKAR SHANKAR AMBRUSHI,Maharashtra,OSMANABAD,SHS,,26281,M,3,2,0,FALSE,FALSE,21.67,26016,21.46,,,2
AEMH91543,11,0,2009,BORKAR SHANKAR AMBRUSHI,Maharashtra,PARANDA,SHS,SHS,77423,M,2,2,0,FALSE,FALSE,43.1,68877,38.34,52,,2
AEMH91544,11,0,2009,SURESH (BHAU) ALIAS SURYAKANT CHANDRAKANT KAMBLE,Maharashtra,PARANDA,RSPS,,8546,M,3,1,0,FALSE,FALSE,4.76,6680,3.72,36,,1
AEMH91545,11,0,2009,BANSODE TANAJI BHIMA,Maharashtra,PARANDA,BBM,,1866,M,4,1,0,FALSE,FALSE,1.04,148,0.08,33,,1
AEMH91558,11,0,2009,BAGAL SHAMAL DIGAMBAR,Maharashtra,KARMALA,NCP,,70943,F,1,1,1,FALSE,FALSE,42.65,27817,16.72,45,1,1
AEMH91561,11,0,2009,PATIL SURYAKANT RAMKRUSHNA,Maharashtra,KARMALA,SHS,,13815,M,4,1,0,FALSE,FALSE,8.3,11237,6.75,44,,1
AEMH91564,11,0,2009,JAGTAP CHINTAMANI (DADA) NAMDEORAO,Maharashtra,KARMALA,MNS,,2088,M,7,1,0,FALSE,FALSE,1.26,354,0.21,33,,1
AEMH91568,11,0,2009,THOSAR SHAHAJI JAGANNATH,Maharashtra,KARMALA,BBM,,856,M,11,1,0,FALSE,FALSE,0.51,122,0.07,45,,1
AEMH91572,11,0,2009,PATIL ANIL SAMPATRAO,Maharashtra,MADHA,SHS,,12962,M,3,1,0,FALSE,FALSE,7.2,9815,5.45,40,,1
AEMH91575,11,0,2009,KECHE BABAN GAHININATH,Maharashtra,MADHA,RSPS,,2777,M,6,1,0,FALSE,FALSE,1.54,1916,1.06,65,,1
AEMH91579,11,0,2009,BARBOLE VISHWAS ARJUNRAO,Maharashtra,BARSHI,SHS,,18051,M,3,1,0,FALSE,FALSE,9.2,16096,8.2,45,,1
AEMH91581,11,0,2009,PATIL RAVINDRA SAHEBRAO,Maharashtra,BARSHI,BBM,,1407,M,5,1,0,FALSE,FALSE,0.72,266,0.14,40,,1
AEMH91594,11,0,2009,ADV.PURUSHOTTAM BHAGWAN NAIKNAWARE,Maharashtra,MOHOL,BBM,,533,M,9,1,0,FALSE,FALSE,0.34,126,0.08,63,,1
AEMH91608,11,0,2009,SHINDE PRANITI SUSHILKUMAR,Maharashtra,SOLAPUR CITY CENTRAL,INC,,68028,F,1,1,1,FALSE,FALSE,49.71,33364,24.38,28,1,1
AEMH91610,11,0,2009,BARDE PURUSHOTTAM DATTATRAY,Maharashtra,SOLAPUR CITY CENTRAL,SHS,,26562,M,3,1,0,FALSE,FALSE,19.41,23388,17.09,49,,1
AEMH91613,11,0,2009,CHAVAN YASHWANT LIMBAJI,Maharashtra,SOLAPUR CITY CENTRAL,MNS,,1080,M,6,1,0,FALSE,FALSE,0.79,534,0.39,37,,1
AEMH91623,11,0,2009,BANDGAR SUNIL SHIVAJI,Maharashtra,AKKALKOT,RSPS,,2567,M,4,1,0,FALSE,FALSE,1.31,90,0.05,37,,1
AEMH91627,11,0,2009,SONKAMBLE GAUTAM VIJAYKUMAR,Maharashtra,AKKALKOT,BBM,,726,M,8,1,0,FALSE,FALSE,0.37,0,0,30,,1
AEMH91631,11,0,2009,HASAPURE RAMESH SIDRAMAPPA,Maharashtra,SOLAPUR SOUTH,MNS,,1786,M,4,1,0,FALSE,FALSE,1.3,601,0.44,38,,1
AEMH91633,11,0,2009,VIJAYKUMAR REWAPPA GAIKWAD,Maharashtra,SOLAPUR SOUTH,BBM,,1033,M,6,1,0,FALSE,FALSE,0.75,89,0.06,38,,1
AEMH91642,11,0,2009,BHAGAT YETALA NARAYAN,Maharashtra,PANDHARPUR,SHS,,3330,M,3,1,0,FALSE,FALSE,1.76,1332,0.71,50,,1
AEMH91643,11,0,2009,DHOTRE DILIP KASHINATH,Maharashtra,PANDHARPUR,MNS,,1998,M,4,1,0,FALSE,FALSE,1.06,121,0.06,37,,1
AEMH91646,11,0,2009,THENGIL SURYAKANT DNYANOBA,Maharashtra,PANDHARPUR,JSS,,1619,M,7,1,0,FALSE,FALSE,0.86,207,0.11,45,,1
AEMH91652,11,0,2009,DESHMUKH SHRIKANT APPASO,Maharashtra,SANGOLE,JSS,,13997,M,3,1,0,FALSE,FALSE,7.63,11491,6.26,40,,1
AEMH91655,11,0,2009,WALAKE JALINDAR SHIVALING,Maharashtra,SANGOLE,SHS,,1651,M,6,1,0,FALSE,FALSE,0.9,0,0,33,,1
AEMH91656,11,0,2009,DOLAS HANUMANT JAGANNATH,Maharashtra,MALSHIRAS,NCP,,82360,M,1,1,1,FALSE,FALSE,47.43,16226,9.34,47,1,1
AEMH91657,11,0,2009,JANKAR UTTAMRAO SHIVADAS,Maharashtra,MALSHIRAS,IND,,66134,M,2,1,0,FALSE,FALSE,38.09,59691,34.38,42,,1
AEMH91659,8,0,1995,KAMBLE DILIP DNYANDEV,Maharashtra,PARVATI,BJP,,82792,M,1,2,1,FALSE,FALSE,41.26,22705,11.32,,1,2
AEMH91659,11,0,2009,KAMBALE DILIP DNYANDEO,Maharashtra,MALSHIRAS,BJP,BJP,5875,M,4,2,1,FALSE,FALSE,3.38,2626,1.51,47,1,2
AEMH91663,11,0,2009,KAMBLE DNYANDEO GANPAT,Maharashtra,MALSHIRAS,BBM,,2103,M,8,1,0,FALSE,FALSE,1.21,538,0.31,57,,1
AEMH91665,11,0,2009,CHAVAN DIPAK PRALHAD,Maharashtra,PHALTAN,NCP,,71506,M,1,1,1,FALSE,FALSE,46.95,39914,26.21,38,1,1
AEMH91668,11,0,2009,AADHAV CHANDRAKANT BABANRAO,Maharashtra,PHALTAN,RSPS,,7695,M,4,1,0,FALSE,FALSE,5.05,5414,3.56,58,,1
AEMH91691,11,0,2009,KHARAT RAJU BHAGWAN,Maharashtra,WAI,MNS,,2565,M,6,1,0,FALSE,FALSE,1.29,1031,0.52,39,,1
AEMH91707,11,0,2009,JAYKUMAR BHAGWANRAO GORE,Maharashtra,MAN,IND,,60703,M,1,1,1,FALSE,FALSE,32.31,4098,2.18,35,1,1
AEMH91708,11,0,2009,SADASHIV ABAJI POL,Maharashtra,MAN,NCP,,56605,M,2,1,0,FALSE,FALSE,30.13,15020,7.99,67,,1
AEMH91710,11,0,2009,GUDAGE SURENDRA MOHANRAO,Maharashtra,MAN,RSPS,,18870,M,4,1,0,FALSE,FALSE,10.04,16409,8.73,38,,1
AEMH91722,11,0,2009,VASUDEO HANMANT MANE,Maharashtra,KARAD NORTH,SHS,,10082,M,3,1,0,FALSE,FALSE,5.67,8198,4.61,49,,1
AEMH91725,11,0,2009,ASHOKRAO GANAPATRAO CHAVAN,Maharashtra,KARAD NORTH,MNS,,1173,M,6,1,0,FALSE,FALSE,0.66,529,0.3,70,,1
AEMH91729,9,0,1999,PATIL VILASRAO GOVIND (WATHARKAR BAPU),Maharashtra,KARAD SOUTH,NCP,,39161,M,2,2,0,FALSE,FALSE,33.57,24458,20.97,,,2
AEMH91729,11,0,2009,PATIL VILASRAO GOVIND (WATHARKAR BAPU),Maharashtra,KARAD SOUTH,IND,NCP,67944,M,2,2,0,FALSE,FALSE,40.47,58160,34.64,69,,2
AEMH91730,11,0,2009,BHARAT BABURAO PATIL,Maharashtra,KARAD SOUTH,BJP,,9784,M,3,1,0,FALSE,FALSE,5.83,7834,4.67,44,,1
AEMH91739,11,0,2009,PATIL AVINASH TUKARAM,Maharashtra,PATAN,MNS,,2061,M,3,1,0,FALSE,FALSE,1.13,51,0.03,41,,1
AEMH91744,8,1,1998,Shivendrasinh Abhaysinh Bhosale,Maharashtra,SATARA,INC,,50974,M,2,3,2,FALSE,FALSE,46.36,0,0,,2,3
AEMH91744,10,0,2004,BHONSALE SHRIMANT SHIVENDRASINH ABHAYASINHRAJE,Maharashtra,SATARA,NCP,INC,82238,M,1,3,2,TRUE,FALSE,52.6,10914,6.98,31,2,3
AEMH91744,11,0,2009,BHONSLE SHIVENDRASINH ABHAYSINH,Maharashtra,SATARA,NCP,NCP,127143,M,1,3,2,FALSE,TRUE,77.71,105778,64.65,36,2,3
AEMH91745,11,0,2009,NARENDRA MOHANRAO PATIL,Maharashtra,SATARA,BJP,,21365,M,2,1,0,FALSE,FALSE,13.06,14016,8.57,44,,1
AEMH91746,11,0,2009,VARSHA LAXMAN DESHPANDE,Maharashtra,SATARA,SWP,,7349,F,3,1,0,FALSE,FALSE,4.49,5202,3.18,43,,1
AEMH91753,11,0,2009,BHOSALE VIJAY KRISHNAJI,Maharashtra,DAPOLI,INC,,28169,M,2,1,0,FALSE,FALSE,20.13,15688,11.21,49,,1
AEMH91754,11,0,2009,SANTOSH MADHUSUDAN SHIRKE,Maharashtra,DAPOLI,MNS,,12481,M,3,1,0,FALSE,FALSE,8.92,5583,3.99,42,,1
AEMH91763,11,0,2009,KHEDEKAR VAIBHAV SADANAND,Maharashtra,GUHAGAR,MNS,,6860,M,4,1,0,FALSE,FALSE,4.83,3075,2.16,35,,1
AEMH91770,11,0,2009,CHAVAN SADANAND NARAYAN,Maharashtra,CHIPLUN,SHS,,76015,M,1,1,1,FALSE,FALSE,50.13,18484,12.19,46,1,1
AEMH91772,11,0,2009,SALUNKE SURYAKANT TUKARAM,Maharashtra,CHIPLUN,MNS,,10642,M,3,1,0,FALSE,FALSE,7.02,7447,4.91,43,,1
AEMH91775,11,0,2009,SURESH BABU PADYAL,Maharashtra,CHIPLUN,RSPS,,1885,M,6,1,0,FALSE,FALSE,1.24,0,0,47,,1
AEMH91778,11,0,2009,GHAG SANKET KETAN,Maharashtra,RATNAGIRI,MNS,,5617,M,3,1,0,FALSE,FALSE,3.52,2054,1.29,35,,1
AEMH91790,11,0,2009,RAJAN SALVI,Maharashtra,RAJAPUR,SHS,,72574,M,1,1,1,FALSE,FALSE,52.04,24141,17.31,45,1,1
AEMH91792,11,0,2009,SAUNDALKAR AVINASH DHONDU,Maharashtra,RAJAPUR,MNS,,5390,M,3,1,0,FALSE,FALSE,3.87,791,0.57,40,,1
AEMH91797,11,0,2009,JATHAR PRAMOD SHANTARAM,Maharashtra,KANKAVLI,BJP,,57651,M,1,1,1,FALSE,FALSE,39.9,34,0.02,44,1,1
AEMH91798,11,0,2009,PHATAK RAVINDRA SADANAND,Maharashtra,KANKAVLI,INC,,57617,M,2,1,0,FALSE,FALSE,39.88,33051,22.87,43,,1
AEMH91799,9,0,1999,KULDEEP PEDNEKAR,Maharashtra,CHINCHPOKLI,IND,,6647,M,4,3,0,FALSE,FALSE,11.1,5133,8.58,,,3
AEMH91799,10,0,2004,KULDEEP PEDNEKAR,Maharashtra,DEVGAD,NCP,IND,41312,M,2,3,0,FALSE,FALSE,47.06,39488,44.98,46,,3
AEMH91799,11,0,2009,KULDEEP PEDNEKAR,Maharashtra,KANKAVLI,JSS,NCP,24566,M,3,3,0,TRUE,FALSE,17,21631,14.97,51,,3
AEMH91803,11,0,2009,NAIK VAIBHAV VIJAY,Maharashtra,KUDAL,SHS,,47666,M,2,1,0,FALSE,FALSE,38.3,45718,36.73,34,,1
AEMH91806,11,0,2009,BORKAR SURENDRA,Maharashtra,KUDAL,RSPS,,1427,M,5,1,0,FALSE,FALSE,1.15,0,0,62,,1
AEMH91807,11,0,2009,DEEPAK VASANT KESARKAR,Maharashtra,SAWANTWADI,NCP,,63430,M,1,1,1,FALSE,FALSE,48.28,18418,14.02,54,1,1
AEMH91813,10,0,2004,GOPALRAO MOTIRAM PATIL,Maharashtra,CHANDGAD,NCP,,43204,M,3,2,0,FALSE,FALSE,29.4,41516,28.25,57,,2
AEMH91813,11,0,2009,GOPALRAO MOTIRAM PATIL,Maharashtra,CHANDGAD,JSS,NCP,58862,M,2,2,0,TRUE,FALSE,28.31,30947,14.88,63,,2
AEMH91818,11,0,2009,JOSHI PRALHAD VISHVANATH,Maharashtra,CHANDGAD,SHS,,4651,M,7,1,0,FALSE,FALSE,2.24,836,0.4,41,,1
AEMH91822,11,1,2013,D.K.S.K. Rao,Maharashtra,CHANDGAD,NCP,,93486,"",1,1,1,FALSE,FALSE,50.65,24847,13.46,,1,1
AEMH91823,11,1,2013,G.R. Shamarao,Maharashtra,CHANDGAD,SP,,68639,"",2,1,0,FALSE,FALSE,37.19,46191,25.03,,,1
AEMH91828,11,0,2009,PROF. DR. JALANDAR GANAPATI PATIL,Maharashtra,RADHANAGARI,SWP,,24802,M,4,1,0,FALSE,FALSE,11.65,9205,4.32,48,,1
AEMH91833,11,0,2009,SANJAYSINH (DADA) SADASHIVRAO MANDALIK,Maharashtra,KAGAL,IND,,57829,M,2,1,0,FALSE,FALSE,25.55,558,0.25,45,,1
AEMH91843,11,0,2009,PATIL SURYAKANT BABURAO BUDIHALKAR,Maharashtra,KOLHAPUR SOUTH,BJP,,10008,M,3,1,0,FALSE,FALSE,5.24,2140,1.12,50,,1
AEMH91853,11,0,2009,NARAKE CHANDRADIP SHASHIKANT,Maharashtra,KARVIR,SHS,,96232,M,1,1,1,FALSE,FALSE,44.45,5624,2.6,41,1,1
AEMH91860,11,0,2009,RAJESH VINAYAKRAO KSHIRSAGAR,Maharashtra,KOLHAPUR NORTH,SHS,,70129,M,1,1,1,FALSE,FALSE,45.99,3687,2.42,40,1,1
AEMH91862,11,0,2009,RAMCHANDRA ALIAS RAMBHAU BAPUSO CHAVAN,Maharashtra,KOLHAPUR NORTH,JSS,,5395,M,3,1,0,FALSE,FALSE,3.54,1916,1.26,69,,1
AEMH91864,11,0,2009,UDAY RAJARAM POWAR,Maharashtra,KOLHAPUR NORTH,MNS,,2560,M,5,1,0,FALSE,FALSE,1.68,918,0.6,57,,1
AEMH91874,11,0,2009,PATIL SATYAJIT BABASO,Maharashtra,SHAHUWADI,SHS,,65601,M,2,1,0,FALSE,FALSE,33.82,23091,11.9,34,,1
AEMH91882,11,0,2009,DR.SUJIT VASANTRAO MINACHEKAR,Maharashtra,HATKANANGLE,SHS,,55583,M,1,1,1,FALSE,FALSE,28.49,2004,1.03,38,1,1
AEMH91885,11,0,2009,GHATAGE DATTATRAY VISHNU,Maharashtra,HATKANANGLE,SWP,,24452,M,4,1,0,FALSE,FALSE,12.53,19149,9.82,48,,1
AEMH91888,11,0,2009,HALVANKAR SURESH GANPATI,Maharashtra,ICHALKARANJI,BJP,,90104,M,1,1,1,FALSE,FALSE,49.12,23237,12.67,46,1,1
AEMH91892,11,0,2009,DATTA HARI MANE,Maharashtra,ICHALKARANJI,CPM,,3966,M,5,1,0,FALSE,FALSE,2.16,2350,1.28,65,,1
AEMH91900,11,0,2009,APPASAHEB ALIAS SATGONDA REVGONDA PATIL,Maharashtra,SHIROL,INC,,85941,M,1,1,1,FALSE,FALSE,45.65,16446,8.74,87,1,1
AEMH91901,11,0,2009,PATIL ULHAS SAMBHAJI,Maharashtra,SHIROL,SWP,,69495,M,2,1,0,FALSE,FALSE,36.92,41411,22,45,,1
AEMH91902,11,0,2009,KURADE RAJU ANNU,Maharashtra,SHIROL,SHS,,28084,M,3,1,0,FALSE,FALSE,14.92,25632,13.62,40,,1
AEMH91910,11,0,2009,SUNIL RAM BASAKHETRE,Maharashtra,MIRAJ,MNS,,2748,M,6,1,0,FALSE,FALSE,1.6,1156,0.67,51,,1
AEMH91931,11,0,2009,NITIN VISHWASRAO SHINDE,Maharashtra,SANGLI,MNS,,5602,M,5,1,0,FALSE,FALSE,3.28,436,0.26,46,,1
AEMH91934,11,0,2009,GAUTAM SHAMRAO GAVANE,Maharashtra,SANGLI,BBM,,925,M,8,1,0,FALSE,FALSE,0.54,428,0.25,40,,1
AEMH91937,11,0,2009,VAIBHAV NAGNATH NAIKAWADI,Maharashtra,ISLAMPUR,IND,,56165,M,2,1,0,FALSE,FALSE,32.79,53628,31.31,43,,1
AEMH91943,11,0,2009,D.B.PATIL (SIR),Maharashtra,SHIRALA,SHS,,3076,M,4,1,0,FALSE,FALSE,1.58,643,0.33,55,,1
AEMH91958,11,0,2009,NIKAM GANESH SUBARAO,Maharashtra,KHANAPUR,SHS,,2745,M,5,1,0,FALSE,FALSE,1.49,659,0.36,28,,1
AEMH91974,11,0,2009,PRAKASH (ANNA) SHIVAJIRAO SHENDAGE,Maharashtra,JAT,BJP,,58320,M,1,1,1,FALSE,FALSE,39.49,4667,3.16,50,1,1
AEMH91975,11,0,2009,JAGTAP VILASRAO NARAYAN,Maharashtra,JAT,NCP,,53653,M,2,1,0,FALSE,FALSE,36.33,27247,18.45,60,,1
AEMH91976,11,0,2009,PATIL BASAVRAJ SIDGONDA,Maharashtra,JAT,JSS,,26406,M,3,1,0,FALSE,FALSE,17.88,24376,16.5,51,,1
AEMH92020,10,0,2004,UDAY RAVINDRA SAMANT,Maharashtra,RATNAGIRI,NCP,,63233,M,1,2,2,FALSE,FALSE,46.95,6045,4.49,28,2,2
AEMH92020,11,0,2009,UDAY RAVINDRA SAMANT,Maharashtra,RATNAGIRI,NCP,NCP,74245,M,1,2,2,FALSE,TRUE,46.53,8276,5.19,33,2,2
AEMH92063,10,0,2004,JAGTAP MANIK MOTIRAM,Maharashtra,MAHAD,NCP,,56972,M,1,2,1,FALSE,FALSE,47.92,3779,3.18,38,1,2
AEMH92063,11,0,2009,JAGTAP MANIK MOTIRAM,Maharashtra,MAHAD,NCP,NCP,71600,M,2,2,1,FALSE,TRUE,43.14,69060,41.61,44,1,2
AEMH92065,10,0,2004,KUNDAN KERU HATE,Maharashtra,MAHAD,IND,,2517,M,3,2,0,FALSE,FALSE,2.12,39,0.03,45,,2
AEMH92065,11,0,2009,KUNDAN KERU HATE,Maharashtra,MAHAD,BBM,IND,404,M,8,2,0,FALSE,FALSE,0.24,24,0.01,50,,2
AEMH92076,10,1,2006,Tukaram Surve,Maharashtra,Shrivardhan,SHS,,61995,M,1,2,1,FALSE,FALSE,52.4,15755,13.32,,1,2
AEMH92076,11,0,2009,TUKARAM SURVE,Maharashtra,SHRIVARDHAN,SHS,SHS,55270,M,2,2,1,FALSE,TRUE,39.86,48060,34.66,59,1,2
AEMH92098,10,0,2004,MEENAKSHI PRABHAKAR PATIL,Maharashtra,ALIBAG,PWPI,,59961,F,2,2,1,FALSE,FALSE,39.42,46989,30.89,58,1,2
AEMH92098,11,0,2009,MEENAKSHI PRABHAKAR PATIL,Maharashtra,ALIBAG,PWPI,PWPI,93173,F,1,2,1,FALSE,FALSE,53.61,24148,13.9,62,1,2
AEMH92118,10,0,2004,DEVENDRA SATAM,Maharashtra,KHALAPUR,SHS,,51632,M,1,2,1,FALSE,FALSE,31.95,2970,1.84,48,1,2
AEMH92118,11,0,2009,DEVENDRA SATAM,Maharashtra,KARJAT,SHS,SHS,25917,M,2,2,1,FALSE,TRUE,17.81,930,0.64,54,1,2
AEMH92190,10,0,2004,YASHWANT JADHAV,Maharashtra,NAGPADA,SHS,,17095,M,2,2,0,FALSE,FALSE,36.88,11590,25,41,,2
AEMH92190,11,0,2009,YESHWANT JADHAV,Maharashtra,BYCULLA,SHS,SHS,20692,M,4,2,0,FALSE,FALSE,17.8,16984,14.61,46,,2
AEMH92237,10,0,2004,SADA SARVANKAR,Maharashtra,DADAR,SHS,,42390,M,1,2,1,FALSE,FALSE,57.12,13049,17.58,50,1,2
AEMH92237,11,0,2009,SADANANAD SHANKAR SARAVANKAR,Maharashtra,MAHIM,INC,SHS,39808,M,2,2,1,TRUE,TRUE,30.89,3444,2.67,55,1,2
AEMH92244,10,0,2004,JAGANNATH ACHANNA SHETTY,Maharashtra,MATUNGA,INC,,48266,M,1,2,2,FALSE,FALSE,43.48,4656,4.19,59,2,2
AEMH92244,11,0,2009,SHETTY JAGANNATH ACHANNA,Maharashtra,SION KOLIWADA,INC,INC,45638,M,1,2,2,FALSE,TRUE,39.11,18023,15.45,64,2,2
AEMH92263,10,0,2004,GAIKWAD VARSHA EKNATH,Maharashtra,DHARAVI,INC,,64981,F,1,2,2,FALSE,FALSE,52.78,15830,12.86,29,2,2
AEMH92263,11,0,2009,GAIKWAD VARSHA EKNATH,Maharashtra,DHARAVI,INC,INC,52492,F,1,2,2,FALSE,TRUE,49.75,9709,9.2,34,2,2
AEMH92280,10,0,2004,CHANDURKAR JANARDAN CHANDRAPPA,Maharashtra,KHERWADI,INC,,50157,M,1,2,1,FALSE,FALSE,50.04,6548,6.53,60,1,2
AEMH92280,11,0,2009,CHANDURKAR JANARDAN CHANDRAPPA,Maharashtra,VANDRE EAST,INC,INC,38239,M,2,2,1,FALSE,TRUE,32.01,19130,16.01,65,1,2
AEMH92281,10,0,2004,PRAKASH(BALA) VASANT SAWANT,Maharashtra,KHERWADI,SHS,,43609,M,2,2,1,FALSE,FALSE,43.51,41276,41.18,54,1,2
AEMH92281,11,0,2009,PRAKASH (BALA) VASANT SAWANT,Maharashtra,VANDRE EAST,SHS,SHS,45659,M,1,2,1,FALSE,FALSE,38.22,7420,6.21,59,1,2
AEMH92306,10,0,2004,KRIPASHANKAR SINGH,Maharashtra,ANTACRUZ,INC,,78263,M,1,2,2,FALSE,FALSE,55.05,22189,15.61,64,2,2
AEMH92306,11,0,2009,KRUPASHANKAR SINGH,Maharashtra,KALINA,INC,INC,51205,M,1,2,2,FALSE,TRUE,43.68,12921,11.02,59,2,2
AEMH92317,10,0,2004,RAVINDRA DATTARAM WAIKAR,Maharashtra,ANDHERI,SHS,,87445,M,2,2,1,FALSE,FALSE,43.47,76247,37.9,45,1,2
AEMH92317,11,0,2009,WAIKAR RAVINDRA DATTARAM,Maharashtra,JOGESHWARI EAST,SHS,SHS,64318,M,1,2,1,FALSE,FALSE,43.92,13775,9.41,50,1,2
AEMH92347,9,0,1999,JAIPRAKASH THAKUR,Maharashtra,KANDIVALI,BJP,,77222,M,2,3,0,FALSE,FALSE,48.04,75459,46.94,,,3
AEMH92347,10,0,2004,JAI PRAKASH THAKUR,Maharashtra,KANDIVALI,BJP,BJP,93731,M,2,3,0,FALSE,FALSE,42.35,82009,37.05,47,,3
AEMH92347,11,0,2009,JAIPRAKASH THAKUR,Maharashtra,KANDIVALI EAST,BJP,BJP,38832,M,2,3,0,FALSE,FALSE,33.24,14741,12.62,52,,3
AEMH92356,10,0,2004,GOPAL SHETTY,Maharashtra,BORIVALI,BJP,,152748,M,1,2,2,FALSE,FALSE,52.63,52273,18.01,50,2,2
AEMH92356,11,0,2009,GOPAL SHETTY,Maharashtra,BORIVALI,BJP,BJP,68926,M,1,2,2,FALSE,TRUE,47.43,30227,20.8,55,2,2
AEMH92460,10,0,2004,MANOJ TUKARAM SHINDE,Maharashtra,THANE,INC,,93981,M,2,2,0,FALSE,FALSE,40.22,91130,39,37,,2
AEMH92460,11,0,2009,SHINDE MANOJ TUKARAM,Maharashtra,KOPRI-PACHPAKHADI,INC,INC,40726,M,2,2,0,FALSE,FALSE,25.13,4812,2.97,41,,2
AEMH92481,10,0,2004,AILANI KUMAR UTTAMCHAND,Maharashtra,ULHASNAGAR,BJP,,55397,M,2,2,1,FALSE,FALSE,37.88,48782,33.36,47,1,2
AEMH92481,11,0,2009,KUMAR UTTAMCHAND AILYANI,Maharashtra,ULHAS NAGAR,BJP,BJP,45257,M,1,2,1,FALSE,FALSE,42.38,7538,7.06,52,1,2
AEMH92493,10,0,2004,KATHORE KISAN SHANKAR,Maharashtra,AMBERNATH,NCP,,114675,M,1,2,2,FALSE,FALSE,45.6,8093,3.22,49,2,2
AEMH92493,11,0,2009,KATHORE KISAN SHANKAR,Maharashtra,MURBAD,NCP,NCP,55830,M,1,2,2,FALSE,TRUE,31.27,6542,3.66,57,2,2
AEMH92524,10,0,2004,YOGESH RAMESH PATIL,Maharashtra,BHIWANDI,SHS,,118561,M,1,2,1,FALSE,FALSE,45.2,40094,15.29,33,1,2
AEMH92524,11,0,2009,PATIL YOGESH RAMESH,Maharashtra,BHIWANDI EAST,SHS,SHS,24599,M,2,2,1,FALSE,TRUE,27.54,11718,13.12,37,1,2
AEMH92525,10,0,2004,ABU ASIM AZMI,Maharashtra,BHIWANDI,SP,,78467,M,2,3,1,FALSE,FALSE,29.91,51177,19.51,49,1,2
AEMH92525,11,0,2009,ABU AASIM AZAMI,Maharashtra,BHIWANDI EAST,SP,SP,37584,M,1,3,1,FALSE,FALSE,42.07,12985,14.54,54,1,2
AEMH92525,11,0,2009,ABU ASIM AZMI,Maharashtra,MANKHURD SHIVAJI NAGAR,SP,SP,38435,M,1,3,1,FALSE,FALSE,33.65,14117,12.36,54,1,2
AEMH92574,10,0,2004,SHOBHA DINESH BACHHAV,Maharashtra,NASHIK,INC,,85786,F,1,2,1,FALSE,FALSE,45.38,6161,3.26,45,1,2
AEMH92574,11,0,2009,DR. BACHCHHAV SHOBHA DINESH,Maharashtra,NASHIK CENTRAL,INC,INC,30998,F,2,2,1,FALSE,TRUE,23.15,6214,4.64,50,1,2
AEMH92577,10,0,2004,SAYYAD MUSHIR MUNIRODDIN,Maharashtra,NASHIK,BSP,,5594,M,4,2,0,FALSE,FALSE,2.96,4542,2.4,34,,2
AEMH92577,11,0,2009,SAIYYAD MUSHIR MUNIRODIN,Maharashtra,NASHIK CENTRAL,SP,BSP,9206,M,4,2,0,TRUE,FALSE,6.87,6038,4.51,39,,2
AEMH92594,10,0,2004,BANKAR DILIPRAO SHANKARRAO,Maharashtra,NIPHAD,NCP,,82706,M,1,2,1,FALSE,FALSE,53.61,47297,30.66,40,1,2
AEMH92594,11,0,2009,BANKAR DILIPRAO SHANKARRAO,Maharashtra,NIPHAD,NCP,NCP,56920,M,2,2,1,FALSE,TRUE,35.43,51463,32.03,45,1,2
AEMH92610,10,0,2004,PAWAR SANJAY SAYAJI,Maharashtra,NANDGAON,SHS,,50783,M,1,2,1,FALSE,FALSE,37.23,7424,5.44,37,1,2
AEMH92610,11,0,2009,PAWAR SANJAY SAYAJI,Maharashtra,NANDGAON,SHS,SHS,74923,M,2,2,1,FALSE,TRUE,41.49,71920,39.83,42,1,2
AEMH92622,10,0,2004,DADAJI DAGDU BHUSE,Maharashtra,DABHADI,IND,,68079,M,1,2,2,FALSE,FALSE,45.01,9017,5.96,40,2,2
AEMH92622,11,0,2009,BHUSE DADAJI DAGADU,Maharashtra,MALEGAON OUTER,SHS,IND,95137,M,1,2,2,FALSE,TRUE,52.75,30064,16.67,46,2,2
AEMH92632,10,0,2004,UTTAM(BABA) GANPAT BHALEGAON,Maharashtra,CHANDWAD,NCP,,50953,M,1,2,1,FALSE,FALSE,38.48,8468,6.39,48,1,2
AEMH92632,11,0,2009,BHALERAO UTTAM (BABA) GANPAT,Maharashtra,CHANDVAD,NCP,NCP,39345,M,2,2,1,FALSE,TRUE,24.89,3084,1.95,53,1,2
AEMH92640,10,0,2004,ZIRWAL NARHARI SITARAM,Maharashtra,DINDORI,NCP,,61205,M,1,2,1,FALSE,FALSE,43.08,29599,20.84,41,1,2
AEMH92640,11,0,2009,ZIRWAL NARHARI SITARAM,Maharashtra,DINDORI,NCP,NCP,68420,M,2,2,1,FALSE,TRUE,43.6,57398,36.58,51,1,2
AEMH92693,10,0,2004,RAWAL JAYKUMAR JITENDRASINH,Maharashtra,SHAHADE,BJP,,55674,M,1,2,2,FALSE,FALSE,36.37,12360,8.07,26,2,2
AEMH92693,11,0,2009,RAWAL JAIKUMARBHAU JITENDRASINH,Maharashtra,SINDKHEDA,BJP,BJP,85656,M,1,2,2,FALSE,TRUE,51.06,50699,30.22,34,2,2
AEMH92775,10,0,2004,DILIP ONKAR WAGH,Maharashtra,PACHORA,NCP,,59674,M,2,2,1,FALSE,FALSE,41.18,57261,39.51,38,1,2
AEMH92775,11,0,2009,WAGH DILIP ONKAR,Maharashtra,PACHORA,NCP,NCP,79715,M,1,2,1,FALSE,FALSE,49,6214,3.82,44,1,2
AEMH92782,10,0,2004,GARUD SANJAY BHASKARRAO,Maharashtra,AMNER,IND,,42500,M,2,2,0,FALSE,FALSE,29.29,18311,12.62,43,,2
AEMH92782,11,0,2009,GARUD SANJAY BHASKARRAO,Maharashtra,JAMNER,INC,IND,81523,M,2,2,0,FALSE,FALSE,45.94,78111,44.02,49,,2
AEMH92829,10,0,2004,RAWAL HARIASH MAHADEOSINGH,Maharashtra,MALKAPUR,IND,,28881,M,3,2,0,FALSE,FALSE,21.27,24422,17.99,35,,2
AEMH92829,11,0,2009,RAWAL HARISH MAHADEOSINGH,Maharashtra,MALKAPUR,JSS,IND,31230,M,3,2,0,FALSE,FALSE,20.39,29340,19.15,40,,2
AEMH92872,10,0,2004,DHONDIRAM SONAJI KHANDARE,Maharashtra,KHAMGAON,BJP,,51995,M,2,2,0,FALSE,FALSE,30.06,20017,11.57,51,,2
AEMH92872,11,0,2009,KHANDARE DHONDIRAM SONAJI,Maharashtra,KHAMGAON,BJP,BJP,56131,M,2,2,0,FALSE,FALSE,32.74,11862,6.92,56,,2
AEMH92917,10,0,2004,KHETAN RAMAKANT UMASHANKAR,Maharashtra,AKOLA,INC,,40545,M,2,2,0,FALSE,FALSE,30.83,22293,16.95,54,,2
AEMH92917,11,0,2009,KHETAN RAMAKANT UMASHANKAR,Maharashtra,AKOLA WEST,INC,INC,32246,M,2,2,0,FALSE,FALSE,25.7,9186,7.32,59,,2
AEMH92951,7,0,1990,MALIKH LAKHAN SAHDEO,Maharashtra,WASHIM,BJP,,27668,M,1,3,2,FALSE,FALSE,35.65,3907,5.03,,2,3
AEMH92951,10,0,2004,LAKHAN SAHADEV MALIK,Maharashtra,WASHIM,IND,BJP,23641,M,3,3,2,FALSE,FALSE,20.83,18022,15.88,42,2,3
AEMH92951,11,0,2009,LAKHAN SAHADEO MALIK,Maharashtra,WASHIM,BJP,IND,65174,M,1,3,2,FALSE,FALSE,43.1,24229,16.02,53,2,3
AEMH92964,10,0,2004,DR RATHOD SUBHASH PANDURANG,Maharashtra,MANGRULPIR,BBM,,10664,M,5,2,0,FALSE,FALSE,7.38,418,0.29,41,,2
AEMH92964,11,0,2009,DR. RATHOD SUBHASH PANDURANG,Maharashtra,KARANJA,BBM,BBM,24590,M,4,2,0,FALSE,FALSE,15.21,22399,13.86,46,,2
AEMH92982,10,0,2004,PATNI RAJENDRA SUKHANAND,Maharashtra,KARANJA,SHS,,36695,M,1,2,1,FALSE,FALSE,30.01,47,0.04,40,1,2
AEMH92982,11,0,2009,PATNI RAJENDRA SUKHANAND,Maharashtra,KARANJA,SHS,SHS,32283,M,2,2,1,FALSE,TRUE,19.98,1602,0.99,45,1,2
AEMH93032,10,0,2004,DR ANIL SUKHDEORAO BONDE,Maharashtra,MORSHI,SHS,,35143,M,2,2,1,FALSE,FALSE,26.62,7570,5.73,44,1,2
AEMH93032,11,0,2009,DR. BONDE ANIL SUKHADEORAO,Maharashtra,MORSHI,IND,SHS,43905,M,1,2,1,FALSE,FALSE,26.55,6035,3.65,49,1,2
AEMH93072,6,0,1985,DESHMUKH SUNIL PANJABRAO,Maharashtra,ACHALPUR,INC,,20123,M,2,4,2,FALSE,FALSE,26.08,9249,11.99,,2,4
AEMH93072,9,0,1999,DR. DESHMUKH SUNIL PANHJABRAO,Maharashtra,AMRAVATI,INC,INC,57270,M,1,4,2,FALSE,FALSE,43.73,9870,7.54,,2,4
AEMH93072,10,0,2004,DR DESHMUKH SUNIL PANJABRAO,Maharashtra,AMRAVATI,INC,INC,81698,M,1,4,2,FALSE,TRUE,55.05,32263,21.74,46,2,4
AEMH93072,11,0,2009,DR. SUNIL PANJABRAO DESHMUKH,Maharashtra,AMRAVATI,IND,INC,55717,M,2,4,2,FALSE,TRUE,39.76,39693,28.32,51,2,4
AEMH93085,10,0,2004,SULBHA SANJAY KHODKE,Maharashtra,BADNERA,NCP,,54995,F,1,2,1,FALSE,FALSE,36.88,5759,3.86,41,1,2
AEMH93085,11,0,2009,SULABHA SANJAY KHODKE,Maharashtra,BADNERA,NCP,NCP,54260,F,2,2,1,FALSE,TRUE,34.88,36678,23.58,45,1,2
AEMH93110,8,0,1995,KECHE DADARAO YADAORAO,Maharashtra,ARVI,BJP,,4694,M,5,3,1,FALSE,FALSE,3.36,1644,1.18,,1,3
AEMH93110,10,0,2004,DADARAO YADAVRAO KECHE,Maharashtra,ARVI,BJP,BJP,45861,M,2,3,1,FALSE,FALSE,32.99,36667,26.38,50,1,3
AEMH93110,11,0,2009,DADARAO YADAVRAOJI KECHE,Maharashtra,ARVI,BJP,BJP,71694,M,1,3,1,FALSE,FALSE,46.02,3130,2.01,55,1,3
AEMH93143,10,0,2004,RAVIKANT PANDURANJ BALPANDE,Maharashtra,WARDHA,SHS,,10883,M,4,2,0,FALSE,FALSE,8.57,6109,4.81,34,,2
AEMH93143,11,0,2009,BALPANDE RAVIKANT PANDURANGJI,Maharashtra,WARDHA,SHS,SHS,21966,M,3,2,0,FALSE,FALSE,14.93,9839,6.69,38,,2
AEMH93187,10,0,2004,RAJESH TAMBE,Maharashtra,NAGPUR NORTH,BSP,,27704,M,3,2,0,FALSE,FALSE,19.68,23990,17.04,42,,2
AEMH93187,11,0,2009,TAMBE RAJESH,Maharashtra,NAGPUR NORTH,BJP,BSP,40067,M,2,2,0,TRUE,FALSE,25.95,16405,10.63,45,,2
AEMH93210,10,0,2004,KIRAN KRISHNARAO PANDAV,Maharashtra,NAGPUR SOUTH,BSP,,26439,M,3,2,0,FALSE,FALSE,21.49,14383,11.69,35,,2
AEMH93210,11,0,2009,KIRAN KRUSHNARAO PANDAV,Maharashtra,KATOL,SHS,BSP,31372,M,3,2,0,TRUE,FALSE,19.58,21252,13.27,37,,2
AEMH93268,10,0,2004,GAWANDE SUNITA RAMESH,Maharashtra,KALMESHWAR,IND,,45579,F,2,2,0,FALSE,FALSE,29.21,2019,1.29,35,,2
AEMH93268,11,0,2009,GAWANDE SUNITA RAMESH,Maharashtra,KAMTHI,INC,IND,63987,F,2,2,0,FALSE,FALSE,33.22,39751,20.64,40,,2
AEMH93279,10,0,2004,ANIL DESHMUKH,Maharashtra,KATOL,NCP,,75173,M,1,2,2,FALSE,FALSE,64.56,44849,38.52,54,2,2
AEMH93279,11,0,2009,ANIL DESHMUKH,Maharashtra,KATOL,NCP,NCP,68143,M,1,2,2,FALSE,TRUE,42.54,32203,20.1,59,2,2
AEMH93308,10,0,2004,HATWAR RAJU KAWADU,Maharashtra,RAMTEK,CPM,,1705,M,8,2,0,FALSE,FALSE,1.15,124,0.08,35,,2
AEMH93308,11,0,2009,RAJU KAWADU HATWAR,Maharashtra,RAMTEK,CPM,CPM,1483,M,7,2,0,FALSE,FALSE,0.97,81,0.05,41,,2
AEMH93357,10,0,2004,AGRAWAL GOPALDAS SHANKARLAL,Maharashtra,GONDIA,INC,,51453,M,1,2,2,FALSE,FALSE,41.19,5521,4.42,54,2,2
AEMH93357,11,0,2009,AGRAWAL GOPALDAS SHANKARLAL,Maharashtra,GONDIYA,INC,INC,75921,M,1,2,2,FALSE,TRUE,46.53,9971,6.11,59,2,2
AEMH93465,10,0,2004,ATUL DEVIDAS DESHKAR,Maharashtra,BRAHMAPURI,BJP,,52953,M,1,2,2,FALSE,FALSE,36.78,14176,9.85,46,2,2
AEMH93465,11,0,2009,ATUL DEVIDAS DESHKAR,Maharashtra,BRAHMAPURI,BJP,BJP,50340,M,1,2,2,FALSE,TRUE,33.48,5495,3.65,51,2,2
AEMH93476,10,0,2004,VIJAY NAMDEORAO WADETTIWAR,Maharashtra,CHIMUR,SHS,,45332,M,1,3,2,FALSE,FALSE,30.98,803,0.55,41,2,2
AEMH93476,10,1,2006,Wadettiwar Vijay Namdeo,Maharashtra,Chimur,INC,SHS,73832,M,1,3,2,TRUE,TRUE,48.67,19744,13.02,,2,2
AEMH93476,11,0,2009,WADETTIWAR VIJAY NAMDEORAO,Maharashtra,CHIMUR,INC,INC,89341,M,1,3,2,FALSE,TRUE,52.85,30616,18.11,46,2,2
AEMH93534,10,0,2004,VISHWAS RAMCHANDRA NANDEKAR,Maharashtra,WANI,SHS,,61926,M,1,2,1,FALSE,FALSE,45.35,14066,10.3,43,1,2
AEMH93534,11,0,2009,VISHWAS RAMCHANDRA NANDEKAR,Maharashtra,WANI,SHS,SHS,45226,M,2,2,1,FALSE,TRUE,25.95,3896,2.24,49,1,2
AEMH93581,10,0,2004,RATHOD SANJAY DULICHAND,Maharashtra,DARWHA,SHS,,68586,M,1,2,2,FALSE,FALSE,48.94,21542,15.37,33,2,2
AEMH93581,11,0,2009,RATHOD SANJAY DULICHAND,Maharashtra,DIGRAS,SHS,SHS,104134,M,1,2,2,FALSE,TRUE,54.13,54145,28.14,38,2,2
AEMH93634,10,0,2004,JADHAV PRADEEP HEMSINGH,Maharashtra,KINWAT,NCP,,64558,M,1,2,2,FALSE,FALSE,45.64,28516,20.16,50,2,2
AEMH93634,11,0,2009,JADHAV PRADEEP HEMSINGH (NAIK),Maharashtra,KINWAT,NCP,NCP,69645,M,1,2,2,FALSE,TRUE,47.55,18162,12.4,55,2,2
AEMH93645,10,0,2004,PAWAR MADHAVRAO NIVRUTHIRAO,Maharashtra,HADGAON,INC,,48104,M,2,2,1,FALSE,FALSE,31.94,20138,13.37,27,1,2
AEMH93645,11,0,2009,PAWAR MADHAVRAO NIVRUTIRAO,Maharashtra,HADGAON,INC,INC,96584,M,1,2,1,FALSE,FALSE,59.68,44781,27.67,35,1,2
AEMH93652,10,0,2004,ANUSAYATAI PRAKASH KHEDKAR,Maharashtra,NANDED,SHS,,84610,F,1,2,1,FALSE,FALSE,38.99,20775,9.57,40,1,2
AEMH93652,11,0,2009,KHEDKAR ANUSAYA PRAKASH,Maharashtra,NANDED NORTH,SHS,SHS,22970,F,2,2,1,FALSE,TRUE,16.82,9562,7,44,1,2
AEMH93745,10,0,2004,BANDU (SANJAY) HARIBHAU JADHAV,Maharashtra,P.ARBHANI,SHS,,74939,M,1,2,2,FALSE,FALSE,47.2,9747,6.14,37,2,2
AEMH93745,11,0,2009,JADHAV SANJAY (BANDU) HARIBHAU,Maharashtra,PARBHANI,SHS,SHS,66021,M,1,2,2,FALSE,TRUE,40.59,20523,12.62,42,2,2
AEMH93822,10,0,2004,RAJESHBHAIYYA TOPE,Maharashtra,AMBAD,NCP,,76816,M,1,2,2,FALSE,FALSE,46.46,36689,22.19,35,2,2
AEMH93822,11,0,2009,RAJESHBHAYYA TOPE,Maharashtra,GHANSAWANGI,NCP,NCP,104206,M,1,2,2,FALSE,TRUE,54.22,23307,12.13,40,2,2
AEMH93861,10,0,2004,CHANDRAKANT PUNDLIKRAO DANVE,Maharashtra,BHOKARDAN,NCP,,73611,M,1,2,2,FALSE,FALSE,45.48,3139,1.94,36,2,2
AEMH93861,11,0,2009,CHANDRAKANT PUNDLIKRAO DANVE,Maharashtra,BHOKARDAN,NCP,NCP,67480,M,1,2,2,FALSE,TRUE,41.36,1639,1,41,2,2
AEMH93870,10,0,2004,ABDUL SATTAR ABDUL NABI,Maharashtra,SILLOD,INC,,53989,M,2,2,1,FALSE,FALSE,37.24,28091,19.38,40,1,2
AEMH93870,11,0,2009,ABDUL SATTAR ABDUL NABI,Maharashtra,SILLOD,INC,INC,98131,M,1,2,1,FALSE,FALSE,55,26753,15,44,1,2
AEMH93879,10,0,2004,JADHAV HARSHAVARDHAN RAIBHAN,Maharashtra,KANNAD,IND,,34278,M,3,2,1,FALSE,FALSE,20.16,489,0.29,27,1,2
AEMH93879,11,0,2009,JADHAV HARSHAWARDHAN RAIBHAN,Maharashtra,KANNAD,MNS,IND,46106,M,1,2,1,FALSE,FALSE,26.98,4107,2.4,34,1,2
AEMH93897,10,0,2004,ANNASAHEB MANE PATIL,Maharashtra,GANGAPUR,SHS,,50985,M,1,2,1,FALSE,FALSE,32.11,4643,2.92,42,1,2
AEMH93897,11,0,2009,ANNASAHEB MANE PATIL,Maharashtra,GANGAPUR,SHS,SHS,29568,M,2,2,1,FALSE,TRUE,19.9,5782,3.89,47,1,2
AEMH93922,10,0,2004,SHINDE SUNIL SHIVAJI,Maharashtra,P.AITHAN,IND,,43336,M,2,2,0,FALSE,FALSE,35.48,21961,17.98,29,,2
AEMH93922,11,0,2009,SUNIL SHIVAJI SHINDE,Maharashtra,PAITHAN,MNS,IND,24778,M,3,2,0,FALSE,FALSE,15.58,16853,10.6,40,,2
AEMH94072,10,0,2004,MOTE RAHUL MAHARUDRA,Maharashtra,P.ARANDA,NCP,,56225,M,1,2,2,FALSE,FALSE,40.05,11491,8.19,28,2,2
AEMH94072,11,0,2009,MOTE RAHUL MAHARUDRA,Maharashtra,PARANDA,NCP,NCP,83425,M,1,2,2,FALSE,TRUE,46.44,6002,3.34,33,2,2
AEMH94079,10,0,2004,PAWAN RAJE BHOPALSINH SANTAJIRAO RAJENIMBALKAR,Maharashtra,OSMANABAD,IND,,68350,M,2,2,1,FALSE,FALSE,45.45,63585,42.28,51,1,2
AEMH94079,11,0,2009,RAJENIBALKAR OMPRAKASH BHUPALSINHA ALIAS PAWAN RAJE,Maharashtra,OSMANABAD,SHS,IND,100709,M,1,2,1,FALSE,FALSE,50.33,16974,8.48,26,1,2
AEMH94096,10,0,2004,NILANGEKAR PATIL SAMBHAJI DILIPRAO,Maharashtra,NILANGA,BJP,,66346,M,1,2,1,FALSE,FALSE,43.42,2356,1.54,27,1,2
AEMH94096,11,0,2009,NILANGEKAR SAMBHAJI DILIPRAO PATIL,Maharashtra,NILANGA,BJP,BJP,70763,M,2,2,1,FALSE,TRUE,38.64,60448,33,32,1,2
AEMH94155,10,0,2004,DESHMUKH VIJAYKUMAR SIDRAMAPPA,Maharashtra,SOLAPUR CITY NORTH,BJP,,32665,M,1,2,2,FALSE,FALSE,51.11,7273,11.38,47,2,2
AEMH94155,11,0,2009,DESHMUKH VIJAYKUMAR SIDRAMAPPA,Maharashtra,SOLAPUR CITY NORTH,BJP,BJP,62363,M,1,2,2,FALSE,TRUE,45.6,10090,7.38,52,2,2
AEMH94198,10,0,2004,SAWANT SHIVAJI JAYAWANT,Maharashtra,MADHA,SHS,,50106,M,2,2,0,FALSE,FALSE,32.99,46810,30.82,44,,2
AEMH94198,11,0,2009,SAWANT SHIVAJI JAYWANT,Maharashtra,MADHA,IND,SHS,47055,M,2,2,0,FALSE,FALSE,26.15,34093,18.95,50,,2
AEMH94205,10,0,2004,BHALKE BHARAT TUKARAM,Maharashtra,P.ANDHARPUR,SHS,,43460,M,3,2,1,FALSE,FALSE,21.64,40232,20.03,44,1,2
AEMH94205,11,0,2009,BHALKE BHARAT TUKARAM,Maharashtra,PANDHARPUR,SWP,SHS,106141,M,1,2,1,TRUE,FALSE,56.24,37363,19.8,49,1,2
AEMH94265,10,0,2004,DHAKANE PARTAP BABANRAO,Maharashtra,PATHARDI,BJP,,60845,M,2,2,0,FALSE,FALSE,40.3,51849,34.34,35,,2
AEMH94265,11,0,2009,ADV. DHAKANE PRATAP BABANRAO,Maharashtra,SHEVGAON,BJP,BJP,61746,M,2,2,0,FALSE,FALSE,29.2,18395,8.7,40,,2
AEMH94276,10,0,2004,LANGHE VITTHAL VAKILRAO,Maharashtra,SHEOGAON,BJP,,68764,M,2,2,0,FALSE,FALSE,47.52,66851,46.2,38,,2
AEMH94276,11,0,2009,LANGHE VITTHAL WAKILRAO,Maharashtra,NEVASA,BJP,BJP,69943,M,2,2,0,FALSE,FALSE,40.9,64777,37.88,43,,2
AEMH94315,10,0,2004,VIJAYRAO BHASKARRAO AUTY,Maharashtra,P.ARNER,SHS,,59528,M,1,2,2,FALSE,FALSE,50.01,9137,7.68,47,2,2
AEMH94315,11,0,2009,AUTI VIJAYRAO BHASKARRAO,Maharashtra,PARNER,SHS,SHS,75538,M,1,2,2,FALSE,TRUE,45.03,27023,16.11,52,2,2
AEMH94340,7,0,1990,VALASE PATIL DILIPRAO DATTATRAYA,Maharashtra,AMBEGAON,INC,,30354,M,1,4,4,FALSE,FALSE,36.74,9545,11.55,,4,4
AEMH94340,8,0,1995,VALSE PATIL DILIP DATTATRAYA,Maharashtra,AMBEGAON,INC,INC,57014,M,1,4,4,FALSE,TRUE,51.02,6456,5.78,,4,4
AEMH94340,10,0,2004,DILIPRAO DATTATRAY WALSE-PATIL,Maharashtra,AMBEGAON,NCP,INC,81830,M,1,4,4,TRUE,FALSE,64.02,39636,31.01,47,4,4
AEMH94340,11,0,2009,DILIPRAO DATTATRY WALSE PATIL,Maharashtra,AMBEGAON,NCP,NCP,99851,M,1,4,4,FALSE,TRUE,58.17,37349,21.76,53,4,4
AEMH94346,9,0,1999,DILIP DATTATRAYA MOHITE,Maharashtra,KHED-ALANDI,SHS,,44091,M,2,3,2,FALSE,FALSE,38.53,26001,22.72,,2,3
AEMH94346,10,0,2004,MOHITE DILIP DATTATRAY,Maharashtra,KHED-ALANDI,NCP,SHS,76769,M,1,3,2,TRUE,FALSE,52.51,14330,9.8,45,2,3
AEMH94346,11,0,2009,DILIP DATTATRAY MOHITE,Maharashtra,KHED ALANDI,NCP,NCP,64726,M,1,3,2,FALSE,TRUE,38.61,20792,12.4,50,2,3
AEMH94359,10,0,2004,DHAMALE SHARAD BAJIRAO,Maharashtra,MULSHI,SHS,,78701,M,1,2,1,FALSE,FALSE,38.33,17107,8.33,39,1,2
AEMH94359,11,0,2009,DHAMALE SHARAD BAJIRAO,Maharashtra,BHOR,SHS,SHS,40461,M,2,2,1,FALSE,TRUE,21.32,13785,7.27,44,1,2
AEMH94365,10,0,2004,VILAS VITHOBA LANDE,Maharashtra,HAVELI,NCP,,149057,M,1,2,2,FALSE,FALSE,47.12,17076,5.4,44,2,2
AEMH94365,11,0,2009,VILAS VITHOBA LANDE,Maharashtra,BHOSARI,IND,NCP,50472,M,1,2,2,FALSE,TRUE,30.46,1272,0.77,48,2,2
AEMH94447,10,0,2004,THORAT RAMESH KISANRAO,Maharashtra,DAUND,IND,,78037,M,2,2,1,FALSE,FALSE,40.13,72566,37.32,52,1,2
AEMH94447,11,0,2009,RAMESHRAO KISAN THORAT,Maharashtra,DAUND,IND,IND,85764,M,1,2,1,FALSE,FALSE,48.75,17442,9.92,58,1,2
AEMH94494,9,0,1999,YELGAONKAR DILIP MURLIDHAR,Maharashtra,KHATAV,BJP,,41249,M,2,3,1,FALSE,FALSE,38.74,19496,18.31,,1,3
AEMH94494,10,0,2004,SHRI DILIP MURALIDHAR YELGAONKAR,Maharashtra,KHATAV,BJP,BJP,76435,M,1,3,1,FALSE,FALSE,55.72,45691,33.31,49,1,3
AEMH94494,11,0,2009,DR.YELGAONKAR DILIP MURLIDHAR,Maharashtra,MAN,BJP,BJP,41585,M,3,3,1,FALSE,TRUE,22.13,22715,12.09,55,1,3
AEMH94511,10,0,2004,JADHAV(PATIL) MAKRAND LAXMANRAO,Maharashtra,WAI,NCP,,50395,M,2,2,1,FALSE,FALSE,39.41,46242,36.16,39,1,2
AEMH94511,11,0,2009,MAKARAND LAXMANRAO JADHAV PATIL,Maharashtra,WAI,IND,NCP,80887,M,1,2,1,FALSE,FALSE,40.72,21825,10.99,44,1,2
AEMH94540,10,0,2004,NAIK MANSINGH FATTESINGHRAO,Maharashtra,SHIRALA,NCP,,56256,M,2,2,1,FALSE,FALSE,34.19,18206,11.06,28,1,2
AEMH94540,11,0,2009,MANSING FATTESINGRAO NAIK,Maharashtra,SHIRALA,IND,NCP,104303,M,1,2,1,FALSE,FALSE,53.68,25918,13.34,50,1,2
AEMH94623,10,0,2004,AWALE RAJU KISAN,Maharashtra,VADGAON,JSS,,67489,M,1,2,1,FALSE,FALSE,43.23,11133,7.13,32,1,2
AEMH94623,11,0,2009,AWALE RAJU KISANRAO,Maharashtra,HATKANANGLE,JSS,JSS,51102,M,3,2,1,FALSE,TRUE,26.2,26650,13.66,37,1,2
AEMH94632,10,0,2004,KARNSINH SANJAYSINH GAIKWAD (BAL),Maharashtra,SHAHUWADI,INC,,44600,M,2,2,0,FALSE,FALSE,31.33,6597,4.63,28,,2
AEMH94632,11,0,2009,KARNSINH SANJAYSINH GAIKWAD (BAL),Maharashtra,SHAHUWADI,INC,INC,42510,M,3,2,0,FALSE,FALSE,21.91,38135,19.66,33,,2
AEMH94642,10,0,2004,P N PATIL (SADOLIKAR),Maharashtra,SANGRUL,INC,,99439,M,1,2,1,FALSE,FALSE,60.22,44997,27.25,48,1,2
AEMH94642,11,0,2009,PATIL P.N. (SADOLIKAR),Maharashtra,KARVIR,INC,INC,90608,M,2,2,1,FALSE,TRUE,41.85,67418,31.14,57,1,2
AEMH94655,10,0,2004,CHHATRAPATI MALOJIRAJE SHAHU,Maharashtra,KOLHAPUR,INC,,76157,M,1,2,1,FALSE,FALSE,53.62,28142,19.81,28,1,2
AEMH94655,11,0,2009,CHHATRAPATI MALOJIRAJE SHAHU,Maharashtra,KOLHAPUR NORTH,INC,INC,66442,M,2,2,1,FALSE,TRUE,43.57,61047,40.04,33,1,2
AEMH94661,10,0,2004,PATIL SATEJ ALIAS BUNTY D,Maharashtra,KARVIR,IND,,116909,M,1,2,2,FALSE,FALSE,60.1,42604,21.9,32,2,2
AEMH94661,11,0,2009,PATIL SATEJ ALIAS BUNTY D.,Maharashtra,KOLHAPUR SOUTH,INC,IND,86949,M,1,2,2,FALSE,TRUE,45.49,5767,3.02,37,2,2
AEMH94686,9,0,1999,DALVI SHIVRAM GOPAL,Maharashtra,SAWANTWADI,SHS,,31254,M,1,3,2,FALSE,FALSE,40.47,1231,1.59,,2,3
AEMH94686,10,0,2004,DALVI SHIVRAM GOPAL,Maharashtra,SAWANTWADI,SHS,SHS,39152,M,1,3,2,FALSE,TRUE,36.85,4284,4.03,60,2,3
AEMH94686,11,0,2009,DALVI SHIVRAM GOPAL,Maharashtra,SAWANTWADI,SHS,SHS,45012,M,2,3,2,FALSE,TRUE,34.26,25648,19.52,65,2,3
AEMH94704,9,0,1999,KADAM GANPAT DAULAT,Maharashtra,RAJAPUR,SHS,,32619,M,1,4,2,FALSE,FALSE,45.08,10178,14.07,,2,3
AEMH94704,10,0,2004,KADAM GANPAT DOULAT,Maharashtra,RAJAPUR,SHS,SHS,52231,M,1,4,2,FALSE,TRUE,56.07,16279,17.48,62,2,3
AEMH94704,10,1,2006,Kadam Ganpat Daulat,Maharashtra,Rajapur,INC,SHS,45778,M,1,4,2,TRUE,TRUE,48.77,3708,3.95,,2,3
AEMH94704,11,0,2009,KADAM GANPAT DAULAT,Maharashtra,RAJAPUR,INC,INC,48433,M,2,4,2,FALSE,TRUE,34.73,43043,30.87,67,2,3
AEMH94710,9,0,1999,BAL MANE,Maharashtra,RATNAGIRI,BJP,,44000,M,1,3,1,FALSE,FALSE,47.76,12313,13.37,,1,3
AEMH94710,10,0,2004,BAL MANE,Maharashtra,RATNAGIRI,BJP,BJP,57188,M,2,3,1,FALSE,TRUE,42.46,51220,38.03,39,1,3
AEMH94710,11,0,2009,BAL MANE,Maharashtra,RATNAGIRI,BJP,BJP,65969,M,2,3,1,FALSE,FALSE,41.34,60352,37.82,44,1,3
AEMH94727,9,0,1999,RAMESHBHAI KADAM,Maharashtra,CHIPLUN,NCP,,44150,M,2,3,1,FALSE,FALSE,47.96,42430,46.09,,1,3
AEMH94727,10,0,2004,KADAM RAMESHBHAI,Maharashtra,CHIPLUN,NCP,NCP,53311,M,1,3,1,FALSE,FALSE,47.65,5286,4.72,55,1,3
AEMH94727,11,0,2009,KADAM RAMESHBHAI RAMCHANDRA,Maharashtra,CHIPLUN,NCP,NCP,57531,M,2,3,1,FALSE,TRUE,37.94,46889,30.92,58,1,3
AEMH94761,9,0,1999,MADHU THAKUR,Maharashtra,ALIBAG,INC,,35657,M,2,3,1,FALSE,FALSE,31.84,13998,12.5,,1,3
AEMH94761,10,0,2004,THAKUR MADHUKAR SHANKAR,Maharashtra,ALIBAG,INC,INC,65828,M,1,3,1,FALSE,FALSE,43.28,5867,3.86,57,1,3
AEMH94761,11,0,2009,THAKUR MADHUKAR SHANKAR,Maharashtra,ALIBAG,INC,INC,69025,M,2,3,1,FALSE,TRUE,39.72,66850,38.47,62,1,3
AEMH94770,9,0,1999,LAD SURESH NARAYAN,Maharashtra,KHALAPUR,NCP,,36853,M,1,3,2,FALSE,FALSE,33.32,4962,4.49,,2,3
AEMH94770,10,0,2004,LAD SURESH NARAYAN,Maharashtra,KHALAPUR,NCP,NCP,48662,M,2,3,2,FALSE,TRUE,30.11,7569,4.68,47,2,3
AEMH94770,11,0,2009,SURESHBHAU NARAYAN LAD,Maharashtra,KARJAT,NCP,NCP,41727,M,1,3,2,FALSE,FALSE,28.67,15810,10.86,52,2,3
AEMH94781,9,1,2000,Annie Shekhar,Maharashtra,COLABAudivada,INC,,13803,F,2,3,2,FALSE,FALSE,44.03,13328,42.52,,2,3
AEMH94781,10,0,2004,ANNIE SHEKHAR,Maharashtra,COLABA,INC,INC,20266,F,1,3,2,FALSE,FALSE,41.71,7690,15.83,65,2,3
AEMH94781,11,0,2009,ANNIE SHEKHAR,Maharashtra,COLABA,INC,INC,39779,F,1,3,2,FALSE,TRUE,40.33,8057,8.17,70,2,3
AEMH94822,9,0,1999,ANNA ALIAS MADHU CHAVAN,Maharashtra,CHINCHPOKLI,INC,,21146,M,1,3,2,FALSE,FALSE,35.33,3318,5.54,,2,3
AEMH94822,10,0,2004,ANNA ALIAS MADHU CHAVAN,Maharashtra,CHINCHPOKLI,INC,INC,20146,M,2,3,2,FALSE,TRUE,32.29,14565,23.35,53,2,3
AEMH94822,11,0,2009,CHAVAN MADHUKAR BALKRISHNA ALIAS ANNA,Maharashtra,BYCULLA,INC,INC,36302,M,1,3,2,FALSE,FALSE,31.22,9104,7.83,58,2,3
AEMH94846,9,0,1999,DAGADU (DADA) SAKPAL,Maharashtra,PAREL,SHS,,35759,M,1,2,1,FALSE,FALSE,54.53,21936,33.45,,1,2
AEMH94846,11,0,2009,DAGDU (DADA) SAKPAL,Maharashtra,SHIVADI,SHS,SHS,57912,M,2,2,1,FALSE,FALSE,41.12,42481,30.17,59,1,2
AEMH94916,9,0,1999,VINAYAK RAUT,Maharashtra,VILEPARLE,SHS,,45499,M,1,3,1,FALSE,FALSE,45.64,1709,1.71,,1,3
AEMH94916,10,0,2004,VINAYAK BHAURAO RAUT,Maharashtra,VILEPARLE,SHS,SHS,47453,M,2,3,1,FALSE,TRUE,41.67,40339,35.42,50,1,3
AEMH94916,11,0,2009,VINAYAK BHAURAO RAUT,Maharashtra,VILE PARLE,SHS,SHS,42634,M,2,3,1,FALSE,FALSE,32.64,7478,5.72,55,1,3
AEMH94917,9,0,1999,ASHOK BHAU JADHAV,Maharashtra,VILEPARLE,INC,,43790,M,2,3,2,FALSE,FALSE,43.92,34831,34.94,,2,3
AEMH94917,10,0,2004,ASHOK BHAU JADHAV,Maharashtra,VILEPARLE,INC,INC,56436,M,1,3,2,FALSE,FALSE,49.56,8983,7.89,49,2,3
AEMH94917,11,0,2009,ASHOK BHAU JADHAV,Maharashtra,ANDHERI WEST,INC,INC,59899,M,1,3,2,FALSE,TRUE,49.3,32158,26.47,54,2,3
AEMH94943,9,0,1999,ADV. BHOJGAR CHANDRAKANT,Maharashtra,ANDHERI,CPM,,2313,M,4,2,0,FALSE,FALSE,1.45,1603,1.01,,,2
AEMH94943,11,0,2009,BOJGAR CHANDRAKANT SITARAM,Maharashtra,ANDHERI EAST,CPM,CPM,2822,M,4,2,0,FALSE,FALSE,2.05,1757,1.28,45,,2
AEMH95005,9,0,1999,SINGH RAJHANS DHANANJAY,Maharashtra,NEHRUNAGAR,INC,,21601,M,3,2,1,FALSE,FALSE,20.6,19701,18.79,,1,2
AEMH95005,11,0,2009,RAJHANS SINGH DHANANJAY SINGH,Maharashtra,DINDOSHI,INC,INC,46278,M,1,2,1,FALSE,FALSE,34.04,5865,4.31,52,1,2
AEMH95013,9,0,1999,KHAN MOHD. ARIF NASEEM,Maharashtra,KURLA,INC,,87066,M,1,3,3,FALSE,FALSE,45.55,23021,12.04,,3,3
AEMH95013,10,0,2004,KHAN MOHD ARIF (NASEEM),Maharashtra,KURLA,INC,INC,119612,M,1,3,3,FALSE,TRUE,55.36,42493,19.67,40,3,3
AEMH95013,11,0,2009,KHAN MOHD. ARIF (NASEEM),Maharashtra,CHANDIVALI,INC,INC,82616,M,1,3,3,FALSE,TRUE,51.65,33715,21.08,45,3,3
AEMH95038,9,0,1999,SARDAR TARASING,Maharashtra,MULUND,BJP,,80972,M,1,3,3,FALSE,FALSE,51.99,32395,20.8,,3,3
AEMH95038,10,0,2004,SARDAR TARA SINGH,Maharashtra,MULUND,BJP,BJP,90882,M,1,3,3,FALSE,TRUE,53.33,20758,12.18,67,3,3
AEMH95038,11,0,2009,SARDAR TARA SINGH,Maharashtra,MULUND,BJP,BJP,65748,M,1,3,3,FALSE,TRUE,44,27976,18.72,72,3,3
AEMH95073,9,0,1999,PUNDLIK BALU MHATRE,Maharashtra,AMBERNATH,IND,,50015,M,2,2,0,FALSE,FALSE,36.09,41226,29.75,,,2
AEMH95073,11,0,2009,PUNDLIK BALU MHATRE,Maharashtra,KALYAN EAST,SHS,IND,36106,M,2,2,0,FALSE,FALSE,29.26,20966,16.99,55,,2
AEMH95099,9,0,1999,ABDUL RASHEED MOHD. TAHIR MOMIN,Maharashtra,BHIWANDI,INC,,66257,M,1,3,2,FALSE,FALSE,40.98,22577,13.96,,2,3
AEMH95099,10,0,2004,ABDUL RASHEED TAHIR MOMIN,Maharashtra,BHIWANDI,IND,INC,24424,M,4,3,2,FALSE,TRUE,9.31,20782,7.92,48,2,3
AEMH95099,11,0,2009,ABDUL RASHID TAHIR MOMIN,Maharashtra,BHIWANDI WEST,SP,IND,30825,M,1,3,2,FALSE,FALSE,29.83,1691,1.64,53,2,3
AEMH95140,9,0,1999,MENGAL KASHINATH DAGDU,Maharashtra,IGATPURI,CPM,,3765,M,4,3,1,FALSE,FALSE,5.18,44,0.06,,1,3
AEMH95140,10,0,2004,MENGAL KASHINATH DAGADU,Maharashtra,IGATPURI,SHS,CPM,37233,M,1,3,1,TRUE,FALSE,36.44,7248,7.09,28,1,3
AEMH95140,11,0,2009,MENGAL KASHINATH DAGDU,Maharashtra,IGATPURI,MNS,SHS,25433,M,2,3,1,TRUE,TRUE,20.47,6027,4.85,33,1,3
AEMH95156,9,0,1999,KOKATE MANIKRAO SHIVAJI,Maharashtra,SINNAR,SHS,,66072,M,1,3,3,FALSE,FALSE,58.42,23357,20.65,,3,3
AEMH95156,10,0,2004,KOKATE MANIKRAO SHIVAJI,Maharashtra,SINNAR,SHS,SHS,67722,M,1,3,3,FALSE,TRUE,50.03,20014,14.79,47,3,3
AEMH95156,11,0,2009,KOKATE MANIKRAO SHIVAJI,Maharashtra,SINNAR,INC,SHS,75630,M,1,3,3,TRUE,TRUE,48.5,2830,1.81,52,3,3
AEMH95180,9,0,1999,SHAIKH RASHID SHAIKH SHAFI,Maharashtra,MALEGAON,INC,,74433,M,1,3,2,FALSE,FALSE,55.26,26179,19.43,,2,3
AEMH95180,10,0,2004,SHAIKH RASHID HAJI SHAIKH SHAFFI,Maharashtra,MALEGAON,INC,INC,80579,M,1,3,2,FALSE,TRUE,49.86,19370,11.98,46,2,3
AEMH95180,11,0,2009,SHAIKH RASHEED HAJI SHAIKH SHAFI,Maharashtra,MALEGAON CENTRAL,INC,INC,53238,M,2,3,2,FALSE,TRUE,35.19,30001,19.83,51,2,3
AEMH95309,9,0,1999,TATYASAHEB R.O. PATIL,Maharashtra,PACHORA,SHS,,46335,M,1,3,2,FALSE,FALSE,42.98,16844,15.63,,2,3
AEMH95309,10,0,2004,TATYASAHEB R O PATIL,Maharashtra,PACHORA,SHS,SHS,75862,M,1,3,2,FALSE,TRUE,52.35,16188,11.17,53,2,3
AEMH95309,11,0,2009,TATYASSAHEB R.O PATIL,Maharashtra,PACHORA,SHS,SHS,73501,M,2,3,2,FALSE,TRUE,45.18,70898,43.58,58,2,3
AEMH95336,9,0,1999,SHIRISH MADHUKARRAO CHAUDHARY,Maharashtra,RAVER,NCP,,20588,M,3,2,1,FALSE,FALSE,18.72,20360,18.51,,1,2
AEMH95336,11,0,2009,SHIRISH MADHUKARRAO CHAUDHARI,Maharashtra,RAVER,IND,NCP,54115,M,1,2,1,FALSE,FALSE,35.21,21536,14.01,50,1,2
AEMH95370,9,0,1999,SANANDA DILIP KUMAR GOKULCHAND,Maharashtra,KHAMGAON,INC,,55651,M,1,3,3,FALSE,FALSE,41.52,12331,9.2,,3,3
AEMH95370,10,0,2004,SANANDA DILIPKUMAR GOKULCHAND,Maharashtra,KHAMGAON,INC,INC,68034,M,1,3,3,FALSE,TRUE,39.34,16039,9.27,43,3,3
AEMH95370,11,0,2009,SANANDA DILIPKUMAR GOKULCHAND,Maharashtra,KHAMGAON,INC,INC,64051,M,1,3,3,FALSE,TRUE,37.36,7920,4.62,48,3,3
AEMH95408,8,0,1995,ADV. JADHAV VIJAYA TULSHIRAM,Maharashtra,MEDSHI,BJP,,19579,M,3,4,2,FALSE,FALSE,18.08,5015,4.63,,2,4
AEMH95408,9,0,1999,VIJAY TULSHIRAMJI JADHAO,Maharashtra,MEDSHI,BJP,BJP,45389,M,1,4,2,FALSE,FALSE,47.93,6263,6.61,,2,4
AEMH95408,10,0,2004,JADHAO VIJAY TULSHIRAM,Maharashtra,MEDSHI,BJP,BJP,38525,M,1,4,2,FALSE,TRUE,32.79,528,0.45,44,2,4
AEMH95408,11,0,2009,JADHAO VIJAY TULSHIRAM,Maharashtra,RISOD,BJP,BJP,36940,M,3,4,2,FALSE,TRUE,23.18,29963,18.8,49,2,4
AEMH95455,9,0,1999,DESHMUKH VASUDHATAI PUNDLIKRAO,Maharashtra,ACHALPUR,INC,,35006,F,1,3,1,FALSE,FALSE,30.13,2231,1.92,,1,3
AEMH95455,10,0,2004,DESHMUKH WASUDHATAI PUNDLIKRAO,Maharashtra,ACHALPUR,INC,INC,51085,F,2,3,1,FALSE,TRUE,34.59,19610,13.28,57,1,3
AEMH95455,11,0,2009,DESHMUKH WASUDHATAI PUNDLIK,Maharashtra,ACHALPUR,INC,INC,54884,F,2,3,1,FALSE,FALSE,36.18,30060,19.82,62,1,3
AEMH95460,9,0,1999,NARESHCHANDRA PANJABRAO THAKARE,Maharashtra,MORSHI,INC,,37362,M,1,3,1,FALSE,FALSE,35.79,2703,2.59,,1,3
AEMH95460,10,0,2004,NARESHCHANDRA PANJABRAO THAKARE,Maharashtra,MORSHI,INC,INC,27573,M,3,3,1,FALSE,TRUE,20.88,3340,2.53,52,1,3
AEMH95460,11,0,2009,NARESHCHANDRA PANJABRAO THAKRE,Maharashtra,MORSHI,IND,INC,37870,M,2,3,1,FALSE,FALSE,22.9,122,0.07,57,1,3
AEMH95517,9,1,2002,KALE AMAR SHARADRAO,Maharashtra,ARVI,INC,,74738,M,1,3,2,FALSE,FALSE,57.58,29800,22.96,,2,3
AEMH95517,10,0,2004,KALE AMAR SHARADRAO,Maharashtra,ARVI,INC,INC,70938,M,1,3,2,FALSE,TRUE,51.03,25077,18.04,31,2,3
AEMH95517,11,0,2009,KALE AMAR SHARADRAO,Maharashtra,ARVI,INC,INC,68564,M,2,3,2,FALSE,TRUE,44.01,63121,40.52,36,2,3
AEMH95524,9,0,1999,KAMBLE RANJIT PRATAPRAO,Maharashtra,PULGAON,INC,,44977,M,1,3,3,FALSE,FALSE,43.64,20651,20.04,,3,3
AEMH95524,10,0,2004,KAMBLE RANJEET PRATAPRAO,Maharashtra,P.ULGAON,INC,INC,58836,M,1,3,3,FALSE,TRUE,42.46,20685,14.93,40,3,3
AEMH95524,11,0,2009,RANJIT PRATAPRAO KAMBLE,Maharashtra,DEOLI,INC,INC,58575,M,1,3,3,FALSE,TRUE,39.4,3746,2.52,45,3,3
AEMH95547,9,0,1999,TIMANDE RAJU WASUDEORAO,Maharashtra,HINGANGHAT,IND,,41690,M,2,3,1,FALSE,FALSE,33.28,27334,21.82,,1,3
AEMH95547,10,0,2004,TIMANDE RAJU ALIAS MOHAN WASUDEORAO,Maharashtra,HINGANGHAT,NCP,IND,82630,M,1,3,1,FALSE,FALSE,52.08,26372,16.62,43,1,3
AEMH95547,11,0,2009,TIMANDE RAJU ALIAS MOHAN WASUDEORAO,Maharashtra,HINGANGHAT,NCP,NCP,38685,M,3,3,1,FALSE,TRUE,23.39,26720,16.16,49,1,3
AEMH95608,9,0,1999,KUMBHARE VIKAS SHANKARRAO,Maharashtra,NAGPUR CENTRAL,BJP,,31189,M,2,2,1,FALSE,FALSE,38.82,24844,30.92,,1,2
AEMH95608,11,0,2009,KUMBHARE VIKAS SHANKARRAO,Maharashtra,NAGPUR CENTRAL,BJP,BJP,56312,M,1,2,1,FALSE,FALSE,36.47,10791,6.99,47,1,2
AEMH95615,9,0,1999,FADANVIS DEVENDRA GANGADHARRAO,Maharashtra,NAGPUR WEST,BJP,,94853,M,1,3,3,FALSE,FALSE,48.66,9087,4.66,,3,3
AEMH95615,10,0,2004,DEVENDRA GANGADHAR FADNVIS,Maharashtra,NAGPUR WEST,BJP,BJP,113143,M,1,3,3,FALSE,TRUE,48.59,17610,7.56,34,3,3
AEMH95615,11,0,2009,DEVENDRA GANGADHARRAO FADNAVIS,Maharashtra,NAGPUR SOUTH WEST,BJP,BJP,89258,M,1,3,3,FALSE,TRUE,51.02,27775,15.88,39,3,3
AEMH95632,9,0,1999,NANAJI SITARAM SHAMKULE,Maharashtra,KALMESHWAR,BBM,,1021,M,7,3,1,FALSE,FALSE,0.88,12,0.01,,1,3
AEMH95632,10,0,2004,SHAMKULE NANAJI SITARAM,Maharashtra,NAGPUR NORTH,BJP,BBM,33556,M,2,3,1,TRUE,FALSE,23.83,5852,4.16,55,1,3
AEMH95632,11,0,2009,SHAMKULE NANAJI SITARAM,Maharashtra,CHANDRAPUR,BJP,BJP,67255,M,1,3,1,FALSE,FALSE,44.14,15410,10.11,60,1,3
AEMH95649,9,0,1999,JAISWAL ASHISH NANDKISHOR (VAKIL),Maharashtra,RAMTEK,SHS,,42350,M,1,3,3,FALSE,FALSE,38.7,7315,6.69,,3,3
AEMH95649,10,0,2004,ASHISH NANDKISHOR JAISWAL (WAKIL),Maharashtra,RAMTEK,SHS,SHS,41115,M,1,3,3,FALSE,TRUE,27.79,13576,9.18,33,3,3
AEMH95649,11,0,2009,ASHISH NANDKISHORE JAISWAL (WAKIL),Maharashtra,RAMTEK,SHS,SHS,49937,M,1,3,3,FALSE,TRUE,32.52,3361,2.19,38,3,3
AEMH95708,9,0,1999,RAUT RAMRATANBAPU BHARATRAJBAPU,Maharashtra,AMGAON,INC,,63140,M,2,3,1,FALSE,FALSE,47.08,61152,45.6,,1,3
AEMH95708,10,0,2004,RAMRATAN BAPU BHARAT BAPU RAUT,Maharashtra,AMGAON,IND,INC,32930,M,3,3,1,FALSE,FALSE,21.57,16884,11.06,47,1,3
AEMH95708,11,0,2009,RAMRATANBAPU BHARATBHAPU RAUT,Maharashtra,AMGAON,INC,IND,64975,M,1,3,1,FALSE,FALSE,42.5,6817,4.46,57,1,3
AEMH95725,8,0,1995,PATOLE NANABHAU FALGUNRAO,Maharashtra,LAKHANDUR,IND,,19948,M,4,4,3,FALSE,FALSE,13.26,8099,5.38,,3,4
AEMH95725,9,0,1999,PATOLE NANABHAU FALGUNRAO,Maharashtra,LAKHANDUR,INC,IND,63273,M,1,4,3,FALSE,FALSE,47.56,16266,12.23,,3,4
AEMH95725,10,0,2004,PATOLE NANABHAU FALGUNRAO,Maharashtra,LAKHANDUR,INC,INC,85593,M,1,4,3,FALSE,TRUE,53.87,41760,26.28,41,3,4
AEMH95725,11,0,2009,NANABHAU FALGUNRAO PATOLE,Maharashtra,SAKOLI,BJP,INC,122168,M,1,4,3,TRUE,TRUE,60.44,62915,31.13,48,3,4
AEMH95744,9,0,1999,NETE ASHOK MAHADEORAO,Maharashtra,GADCHIROLI,BJP,,47391,M,1,3,2,FALSE,FALSE,40.31,8098,6.89,,2,3
AEMH95744,10,0,2004,ASHOK MAHADEORAO NETE,Maharashtra,GADCHIROLI,BJP,BJP,60516,M,1,3,2,FALSE,TRUE,42.12,9693,6.75,40,2,3
AEMH95744,11,0,2009,ASHOK MAHADEORAO NETE,Maharashtra,GADCHIROLI,BJP,BJP,66582,M,2,3,2,FALSE,TRUE,42.94,54136,34.91,45,2,3
AEMH95746,9,0,1999,USENDI NAMDEO DALLUJI,Maharashtra,GADCHIROLI,NCP,,17787,M,3,2,1,FALSE,FALSE,15.13,8015,6.82,,1,2
AEMH95746,11,0,2009,DR. NAMDEO DALLUJI USENDI,Maharashtra,GADCHIROLI,INC,NCP,67542,M,1,2,1,TRUE,FALSE,43.56,960,0.62,39,1,2
AEMH95754,9,0,1999,ATRAM DEEPAK MALLAJI,Maharashtra,SIRONCHA,NCP,,10765,M,5,2,1,FALSE,FALSE,9.67,0,0,,1,2
AEMH95754,11,0,2009,ATRAM DIPAK MALLAJI,Maharashtra,AHERI,IND,NCP,61894,M,1,2,1,FALSE,FALSE,48.63,25197,19.8,38,1,2
AEMH95852,9,0,1999,DESHMUKH SANJAY UTTAMRAO,Maharashtra,DIGRAS,IND,,26415,M,1,3,2,FALSE,FALSE,25.13,126,0.12,,2,3
AEMH95852,10,0,2004,DESHMUKH SANJAY UTTAMRAO,Maharashtra,DIGRAS,IND,IND,42991,M,1,3,2,FALSE,TRUE,28.22,2518,1.65,35,2,3
AEMH95852,11,0,2009,DESHMUKH SANJAY UTTAMRAO,Maharashtra,DIGRAS,INC,IND,49989,M,2,3,2,FALSE,TRUE,25.98,20670,10.74,41,2,3
AEMH95884,8,0,1995,KERAM BHIMRAO RAMJI,Maharashtra,KINWAT,IND,,21702,M,2,4,0,FALSE,FALSE,18.33,4672,3.95,,,4
AEMH95884,9,0,1999,KERAM BHIMRAO RAMJI,Maharashtra,KINWAT,IND,IND,20120,M,3,4,0,FALSE,FALSE,19.38,4804,4.63,,,4
AEMH95884,10,0,2004,KERAM BHIMRAO RAMAJI,Maharashtra,KINWAT,IND,IND,36042,M,2,4,0,FALSE,FALSE,25.48,16177,11.44,39,,4
AEMH95884,11,0,2009,KERAM BHIMRAO RAMJI,Maharashtra,KINWAT,BJP,IND,51483,M,2,4,0,FALSE,FALSE,35.15,38883,26.55,46,,4
AEMH95887,9,0,1999,ADE ARJUN KISHANRAO,Maharashtra,KINWAT,CPM,,4037,M,6,2,0,FALSE,FALSE,3.89,868,0.84,,,2
AEMH95887,11,0,2009,ARJUN KISHANRAO ADE,Maharashtra,KINWAT,CPM,CPM,12600,M,3,2,0,FALSE,FALSE,8.6,8898,6.08,45,,2
AEMH95976,9,0,1999,SALUNKE JAYPRAKASH DANDEGAONKAR,Maharashtra,BASMATH,NCP,,43331,M,2,3,2,FALSE,FALSE,31.86,23932,17.59,,2,3
AEMH95976,10,0,2004,JAYPRAKASH RAOSAHEB DANDEGAONKAR,Maharashtra,BASMATH,NCP,NCP,80935,M,1,3,2,FALSE,FALSE,46.47,308,0.18,49,2,3
AEMH95976,11,0,2009,DANDEGAONKAR JAIPRAKASH RAOSAHEB,Maharashtra,BASMATH,NCP,NCP,81357,M,1,3,2,FALSE,TRUE,45.62,2844,1.59,57,2,3
AEMH95980,9,0,1999,GHUGE GAJANAN VITHALRAO,Maharashtra,KALAMNURI,SHS,,31914,M,1,3,2,FALSE,FALSE,30.07,1197,1.13,,2,3
AEMH95980,10,0,2004,GHUGE GAJANAN VITTHALRAO,Maharashtra,KALAMNURI,SHS,SHS,72221,M,1,3,2,FALSE,TRUE,49.86,23973,16.55,40,2,3
AEMH95980,11,0,2009,GHUGE GAJANAN VITTHALRAO,Maharashtra,KALAMNURI,SHS,SHS,59577,M,2,3,2,FALSE,TRUE,35.55,33684,20.1,48,2,3
AEMH96004,9,0,1999,DURRANI ABDULLA KHAN LATIF KHAN,Maharashtra,PATHRI,NCP,,32351,M,2,3,1,FALSE,FALSE,32.2,5851,5.82,,1,3
AEMH96004,10,0,2004,DURRANI ABDULLAH KHAN A LATIF KHAN,Maharashtra,P.ATHRI,NCP,NCP,49801,M,1,3,1,FALSE,FALSE,38.24,6470,4.97,45,1,3
AEMH96004,11,0,2009,DURRANI ABDULLAH KHAN DURRANI A. LATIFKHAN,Maharashtra,PATHRI,NCP,NCP,78031,M,2,3,1,FALSE,TRUE,40.62,71556,37.25,51,1,3
AEMH96023,9,0,1999,GORANTYAL KAILASH KISHANRAO,Maharashtra,JALNA,INC,,65001,M,1,3,2,FALSE,FALSE,48.07,3884,2.87,,2,3
AEMH96023,10,0,2004,KAILAS KISHANRAO GORANTYAL,Maharashtra,JALNA,INC,INC,70022,M,2,3,2,FALSE,TRUE,41.59,66730,39.64,39,2,3
AEMH96023,11,0,2009,GORANTYAL KAILAS KISHANRAO,Maharashtra,JALNA,INC,INC,74400,M,1,3,2,FALSE,FALSE,52.21,20771,14.58,44,2,3
AEMH96056,9,0,1999,PAWAR NAMDEO RAMRAO,Maharashtra,KANNAD,SHS,,39651,M,2,2,0,FALSE,FALSE,32.34,103,0.08,,,2
AEMH96056,11,0,2009,PAWAR NAMDEV RAMRAO,Maharashtra,KANNAD,SHS,SHS,22619,M,4,2,0,FALSE,FALSE,13.23,2790,1.63,57,,2
AEMH96107,9,0,1999,PANDIT AMARSINH SHIVAJIRAO,Maharashtra,GEORAI,NCP,,50272,M,2,3,1,FALSE,FALSE,40.39,47548,38.2,,1,3
AEMH96107,10,0,2004,PANDIT AMARSINH SHIVAJIRAO,Maharashtra,GEORAI,BJP,NCP,80414,M,1,3,1,TRUE,FALSE,50.82,16600,10.49,37,1,3
AEMH96107,11,0,2009,AMARSINHA SHIVAJIRAO PANDIT,Maharashtra,GEORAI,BJP,BJP,98469,M,2,3,1,FALSE,TRUE,45.18,88163,40.45,45,1,3
AEMH96114,9,0,1999,INGLE ARUN RAMBHAU,Maharashtra,MANJLEGAON,INC,,20097,M,3,2,0,FALSE,FALSE,14.33,16145,11.51,,,2
AEMH96114,11,0,2009,INGALE ARUN RAMBHAU,Maharashtra,GEORAI,RSPS,INC,10306,M,3,2,0,TRUE,FALSE,4.73,7165,3.29,41,,2
AEMH96122,9,0,1999,PROF. DHANDE SUNIL SURYABHAN,Maharashtra,BEED,SHS,,41802,M,2,3,1,FALSE,FALSE,31.52,23951,18.06,,1,3
AEMH96122,10,0,2004,DHANDE SUNIL SURYABHAN,Maharashtra,BEED,SHS,SHS,86581,M,1,3,1,FALSE,FALSE,49.52,15273,8.74,43,1,3
AEMH96122,11,0,2009,DHANDE SUNIL SURYABHAN,Maharashtra,BEED,SHS,SHS,33246,M,2,3,1,FALSE,TRUE,17.56,247,0.13,48,1,3
AEMH96134,9,0,1999,DHAS SURESH RAMCHANDRA,Maharashtra,ASHTI,BJP,,64558,M,1,3,3,FALSE,FALSE,45.84,24932,17.7,,3,3
AEMH96134,10,0,2004,DHAS SURESH RAMCHANDRA,Maharashtra,ASHTI,BJP,BJP,92706,M,1,3,3,FALSE,TRUE,52.07,51621,29,34,3,3
AEMH96134,11,0,2009,DHAS SURESH RAMCHANDRA,Maharashtra,ASHTI,NCP,BJP,118847,M,1,3,3,TRUE,TRUE,55.19,34690,16.11,39,3,3
AEMH96168,9,0,1999,VINAYAKRAO KISHANRAO JADHAV (PATIL),Maharashtra,AHMEDPUR,IND,,40576,M,1,2,1,FALSE,FALSE,37.93,6215,5.81,,1,2
AEMH96168,11,0,2009,JADHAV VINAYAKRAO KISANRAO,Maharashtra,AHMADPUR,INC,IND,67208,M,2,2,1,FALSE,FALSE,36.11,34591,18.59,50,1,2
AEMH96170,9,0,1999,KHANDADE BABRUWAN RAMKRISHNA,Maharashtra,AHMEDPUR,IND,,22968,M,3,3,1,FALSE,FALSE,21.47,19352,18.09,,1,3
AEMH96170,10,0,2004,KHANDADE BABRUWAN RAMKRISHNA,Maharashtra,AHMEDPUR,BJP,IND,48406,M,1,3,1,FALSE,FALSE,33.15,4686,3.21,49,1,3
AEMH96170,11,0,2009,KHANDADE BABRUWAN RAMKRUSHNA,Maharashtra,AHMADPUR,BJP,BJP,32617,M,3,3,1,FALSE,TRUE,17.52,25853,13.89,54,1,3
AEMH96238,9,0,1999,MANE DINKAR BABURAO,Maharashtra,AUSA,SHS,,41052,M,1,3,2,FALSE,FALSE,37.54,5809,5.31,,2,3
AEMH96238,10,0,2004,MANE DINAKAR BABURAO,Maharashtra,AUSA,SHS,SHS,71324,M,1,3,2,FALSE,TRUE,52.88,21459,15.91,42,2,3
AEMH96238,11,0,2009,DINKAR BABURAO MANE,Maharashtra,AUSA,SHS,SHS,69731,M,2,3,2,FALSE,TRUE,41.98,66423,39.99,48,2,3
AEMH96281,9,0,1999,RATIKANT SHANKAREPPA PATIL,Maharashtra,SOUTH SOLAPUR,SHS,,22677,M,3,3,1,FALSE,FALSE,23.55,22151,23.01,,1,3
AEMH96281,10,1,2005,PATIL RATIKANT SHANKAREPPA,Maharashtra,SouthSolapur,SHS,SHS,50793,M,1,3,1,FALSE,FALSE,46.26,1609,1.47,,1,3
AEMH96281,11,0,2009,PATIL RATIKANT SHANKAREPPA,Maharashtra,SOLAPUR SOUTH,SHS,SHS,54406,M,2,3,1,FALSE,TRUE,39.69,51132,37.3,52,1,3
AEMH96320,9,0,1999,RAUT RAJENDRA VITTHAL,Maharashtra,BARSHI,SHS,,47188,M,2,3,1,FALSE,FALSE,44.73,37480,35.53,,1,3
AEMH96320,10,0,2004,RAUT RAJENDRA VITTHAL,Maharashtra,BARSHI,SHS,SHS,73401,M,1,3,1,FALSE,FALSE,50.39,5220,3.58,35,1,3
AEMH96320,11,0,2009,RAUT RAJENDRA VITTHAL,Maharashtra,BARSHI,INC,SHS,80314,M,2,3,1,TRUE,TRUE,40.94,62263,31.74,40,1,3
AEMH96343,9,0,1999,PATIL NARAYAN GOVINDRAO,Maharashtra,KARMALA,NCP,,12507,M,3,2,0,FALSE,FALSE,12.58,0,0,,,2
AEMH96343,11,0,2009,NARAYAN (AABA) PATIL,Maharashtra,KARMALA,JSS,NCP,43126,M,2,2,0,TRUE,FALSE,25.92,17635,10.6,43,,2
AEMH96411,9,0,1999,KALE ASHOK SHANKARRAO,Maharashtra,KOPARGAON,INC,,32774,M,3,3,2,FALSE,FALSE,29.49,32009,28.8,,2,3
AEMH96411,10,0,2004,KALE ASHOKRAO SHANKARRAO,Maharashtra,KOPARGAON,SHS,INC,77326,M,1,3,2,TRUE,FALSE,53.55,16314,11.3,35,2,3
AEMH96411,11,0,2009,KALE ASHOKRAO SHANKARRAO,Maharashtra,KOPARGAON,SHS,SHS,84680,M,1,3,2,FALSE,TRUE,48.84,6691,3.86,56,2,3
AEMH96537,9,0,1999,KALE VASUDEO SHANKAR,Maharashtra,DAUND,BJP,,38536,M,2,3,0,FALSE,FALSE,27.28,19676,13.93,,,2
AEMH96537,9,1,2001,KALE VASUDEO SHANKAR,Maharashtra,DAUND,BJP,BJP,29862,M,2,3,0,FALSE,FALSE,23.62,25139,19.88,,,2
AEMH96537,11,0,2009,KALE VASUDEV SHANKARRAO,Maharashtra,DAUND,BJP,BJP,7063,M,3,3,0,FALSE,FALSE,4.02,1510,0.86,38,,2
AEMH96552,9,0,1999,TAWARE CHANDRARAO KRISHNARAO,Maharashtra,BARAMATI,IND,,36141,M,2,2,0,FALSE,FALSE,29.13,35376,28.51,,,2
AEMH96552,11,0,2009,TAWARE RANJANKUMAR SHANKARRAO,Maharashtra,BARAMATI,IND,IND,25747,M,2,2,0,FALSE,FALSE,13.67,6120,3.25,55,,2
AEMH96595,9,0,1999,SHINDE SHASHIKANT JAYAWANTRAO,Maharashtra,JAOLI,NCP,,54782,M,1,3,3,FALSE,FALSE,47.02,12186,10.46,,3,3
AEMH96595,10,0,2004,SHINDE SHASHIKANT JAYAVANTRAO,Maharashtra,JAOLI,NCP,NCP,89240,M,1,3,3,FALSE,TRUE,59.78,43539,29.16,41,3,3
AEMH96595,11,0,2009,SHASHIKANT JAYWANTRAO SHINDE,Maharashtra,KOREGAON,NCP,NCP,80373,M,1,3,3,FALSE,TRUE,49.65,31753,19.61,45,3,3
AEMH96598,9,0,1999,JADHAV SANTOSH LAXMAN,Maharashtra,JAOLI,IND,,1445,M,4,2,0,FALSE,FALSE,1.24,698,0.6,,,2
AEMH96598,11,0,2009,SANTOSH LAXMAN JADHAV,Maharashtra,KOREGAON,SHS,IND,16621,M,3,2,0,FALSE,FALSE,10.27,5920,3.66,38,,2
AEMH96623,8,0,1995,NAIK SHIVAJIRAO YESHWANTRAO,Maharashtra,SHIRALA,IND,,72856,M,1,4,3,FALSE,FALSE,54.14,17757,13.19,,3,4
AEMH96623,9,0,1999,NAIK SHIVAJIRAO YASHWANTRAO,Maharashtra,SHIRALA,NCP,IND,66365,M,1,4,3,FALSE,TRUE,51.14,5746,4.43,,3,4
AEMH96623,10,0,2004,SHIVAJIRAO YASHWANTRAO NAIK,Maharashtra,SHIRALA,IND,NCP,65717,M,1,4,3,FALSE,TRUE,39.94,9461,5.75,55,3,4
AEMH96623,11,0,2009,NAIK SHIVAJIRAO YASHAVANTRAO,Maharashtra,SHIRALA,INC,IND,78385,M,2,4,3,FALSE,TRUE,40.34,74839,38.52,64,3,4
AEMH96631,9,0,1999,DESHMUKH PRITHVIRAJ SAYAJIRAO,Maharashtra,BHILWADI WANGI,NCP,,61637,M,2,2,0,FALSE,FALSE,43.29,60373,42.41,,,2
AEMH96631,11,0,2009,DESHMUKH PRITHVIRAJ SAYAJIRAO,Maharashtra,PALUS-KADEGAON,IND,NCP,70626,M,2,2,0,FALSE,FALSE,38.82,69122,37.99,45,,2
AEMH96660,9,0,1999,PATIL DINKAR BALASO,Maharashtra,KAVATHE MAHANKAL,SHS,,2026,M,5,2,0,FALSE,FALSE,1.71,1088,0.92,,,2
AEMH96660,11,0,2009,PATIL DINKAR BALASO,Maharashtra,TASGAON - KAVATHE MAHANKAL,SHS,SHS,33936,M,2,2,0,FALSE,FALSE,21.4,24200,15.26,39,,2
AEMH96665,9,0,1999,KHADE SURESH (BHAU) DAGADU,Maharashtra,JAT,IND,,8056,M,4,3,2,FALSE,FALSE,7.62,7517,7.11,,2,3
AEMH96665,10,0,2004,KHADE SURESH(BHAU)DAGADU,Maharashtra,JAT,BJP,IND,63059,M,1,3,2,FALSE,FALSE,46.11,25449,18.61,50,2,3
AEMH96665,11,0,2009,KHADE SURESH (BHAU) DAGADU,Maharashtra,MIRAJ,BJP,BJP,96482,M,1,3,2,FALSE,TRUE,56.07,54456,31.65,51,2,3
AEMH96699,9,0,1999,KORE VINAY VILASRAO (SAVKAR),Maharashtra,PANHALA,NCP,,58322,M,1,3,3,FALSE,FALSE,53.21,17714,16.16,,3,3
AEMH96699,10,0,2004,VINAY VILASRAO KORE (SAWKAR),Maharashtra,PANHALA,JSS,NCP,66256,M,1,3,3,TRUE,TRUE,48.94,9731,7.19,32,3,3
AEMH96699,11,0,2009,VINAY VILASRAO KORE (SAVKAR),Maharashtra,SHAHUWADI,JSS,JSS,73912,M,1,3,3,FALSE,TRUE,38.1,8311,4.28,36,3,3
AEMH96709,9,0,1999,K.P.PATIL,Maharashtra,RADHANAGARI,NCP,,52283,M,2,2,1,FALSE,FALSE,40.1,41096,31.52,,1,2
AEMH96709,11,0,2009,K P PATIL,Maharashtra,RADHANAGARI,NCP,NCP,86843,M,1,2,1,FALSE,FALSE,40.79,41722,19.6,64,1,2
AEMH96720,8,1,1998,Musarif Hasan Miyalal,Maharashtra,KAGAL,INC,,60706,M,2,4,3,FALSE,FALSE,47.17,60199,46.78,,3,4
AEMH96720,9,0,1999,HASAN MIYALAL MUSHRIF,Maharashtra,KAGAL,NCP,INC,67610,M,1,4,3,TRUE,FALSE,50.1,2881,2.13,,3,4
AEMH96720,10,0,2004,MUSHRIF HASAN MIYYALAL,Maharashtra,KAGAL,NCP,NCP,79533,M,1,4,3,FALSE,TRUE,49.04,1125,0.69,50,3,4
AEMH96720,11,0,2009,MUSHRIF HASAN MIYALAL,Maharashtra,KAGAL,NCP,NCP,104241,M,1,4,3,FALSE,TRUE,46.05,46412,20.5,56,3,4
AEMH96806,8,0,1995,BHASKAR BHAURAO JADHAV,Maharashtra,CHIPLUN,SHS,,49795,M,1,4,3,FALSE,FALSE,48.8,7319,7.17,,3,4
AEMH96806,9,0,1999,BHASKAR BAHURAO JADHAV,Maharashtra,CHIPLUN,SHS,SHS,45926,M,1,4,3,FALSE,TRUE,49.89,1776,1.93,,3,4
AEMH96806,10,0,2004,JADHAV BHASKAR BHAURAO,Maharashtra,CHIPLUN,IND,SHS,48025,M,2,4,3,FALSE,TRUE,42.92,41631,37.21,48,3,4
AEMH96806,11,0,2009,JADHAV BHASKAR BHAURAO,Maharashtra,GUHAGAR,NCP,IND,53108,M,1,4,3,FALSE,FALSE,37.37,13076,9.2,51,3,4
AEMH96818,7,0,1990,DALVI SURYAKANT SHIVARAM,Maharashtra,DAPOLI,SHS,,46882,M,1,5,5,FALSE,FALSE,52.87,24965,28.15,,5,5
AEMH96818,8,0,1995,DALVI SURYAKANT SHIVRAM,Maharashtra,DAPOLI,SHS,SHS,64975,M,1,5,5,FALSE,TRUE,63.38,27436,26.76,,5,5
AEMH96818,9,0,1999,DALVI SURYAKANT SHIVRAM,Maharashtra,DAPOLI,SHS,SHS,50738,M,1,5,5,FALSE,TRUE,57.83,22090,25.18,,5,5
AEMH96818,10,0,2004,DALVI SURYAKANT SHIVRAM,Maharashtra,DAPOLI,SHS,SHS,48219,M,1,5,5,FALSE,TRUE,49.52,23834,24.48,49,5,5
AEMH96818,11,0,2009,DALVI SURYAKANT SHIVRAM,Maharashtra,DAPOLI,SHS,SHS,74973,M,1,5,5,FALSE,TRUE,53.59,46804,33.45,54,5,5
AEMH96844,8,0,1995,GHOSALKAR VINOD RAMCHANDRA,Maharashtra,MANGAON,SHS,,31175,M,2,3,1,FALSE,FALSE,29.45,3141,2.97,,1,3
AEMH96844,9,0,1999,GHOSALKAR VINOD RAMCHANDRA,Maharashtra,MANGAON,SHS,SHS,34120,M,2,3,1,FALSE,FALSE,39.27,28648,32.98,,1,3
AEMH96844,11,0,2009,GHOSALKAR VINOD RAMCHANDRA,Maharashtra,DAHISAR,SHS,SHS,60069,M,1,3,1,FALSE,FALSE,45.67,16156,12.28,52,1,3
AEMH96916,7,0,1990,RAJ K. PURHOIT,Maharashtra,MUMBADEVI,BJP,,25955,M,1,5,4,FALSE,FALSE,49.98,7249,13.96,,4,5
AEMH96916,8,0,1995,RAJ K. PUROHIT,Maharashtra,MUMBADEVI,BJP,BJP,32089,M,1,5,4,FALSE,TRUE,62.84,17638,34.54,,4,5
AEMH96916,9,0,1999,RAJ K. PUROHIT,Maharashtra,MUMBADEVI,BJP,BJP,24823,M,1,5,4,FALSE,TRUE,63.05,11512,29.24,,4,5
AEMH96916,10,0,2004,RAJ K PUROHIT,Maharashtra,MUMBADEVI,BJP,BJP,19862,M,1,5,4,FALSE,TRUE,56.37,5856,16.62,48,4,5
AEMH96916,11,0,2009,RAJ K. PUROHIT,Maharashtra,COLABA,BJP,BJP,31722,M,2,5,4,FALSE,TRUE,32.16,8966,9.09,53,4,5
AEMH96953,8,0,1995,MANGAL PRABHAT LODHA,Maharashtra,MALBAR HILL,BJP,,43735,M,1,4,4,FALSE,FALSE,48.28,1918,2.12,,4,4
AEMH96953,9,0,1999,MANGALPRABHAT LODHA,Maharashtra,MALBAR HILL,BJP,BJP,41596,M,1,4,4,FALSE,TRUE,52.63,12382,15.67,,4,4
AEMH96953,10,0,2004,MANGAL PRABHAT LODHA,Maharashtra,MALBAR HILL,BJP,BJP,41365,M,1,4,4,FALSE,TRUE,50.27,3313,4.03,48,4,4
AEMH96953,11,0,2009,MANGAL PRABHAT LODHA,Maharashtra,MALABAR HILL,BJP,BJP,58530,M,1,4,4,FALSE,TRUE,47.73,24559,20.03,54,4,4
AEMH96991,8,0,1995,BALA NANDGAONKAR,Maharashtra,MAZGAON,SHS,,41729,M,1,4,4,FALSE,FALSE,53.04,12275,15.6,,4,4
AEMH96991,9,0,1999,BALA NANDGAONKAR,Maharashtra,MAZGAON,SHS,SHS,27605,M,1,4,4,FALSE,TRUE,49,15904,28.23,,4,4
AEMH96991,10,0,2004,BALA NANDGAONKAR,Maharashtra,MAZGAON,SHS,SHS,27684,M,1,4,4,FALSE,TRUE,42.91,1472,2.28,47,4,4
AEMH96991,11,0,2009,BALA DAGDU NANDGAONKAR,Maharashtra,SHIVADI,MNS,SHS,64375,M,1,4,4,TRUE,TRUE,45.71,6463,4.59,57,4,4
AEMH97013,8,0,1995,AHIR SACHIN MOHAN,Maharashtra,SHIVADI,IND,,7530,M,4,4,3,FALSE,FALSE,8.35,4749,5.27,,3,4
AEMH97013,9,0,1999,AHIR SACHIN MOHAN,Maharashtra,SHIVADI,NCP,IND,32023,M,1,4,3,FALSE,FALSE,43.4,5338,7.23,,3,4
AEMH97013,10,0,2004,AHIR SACHIN MOHAN,Maharashtra,HIVADI,NCP,NCP,43816,M,1,4,3,FALSE,TRUE,55.61,16591,21.06,33,3,4
AEMH97013,11,0,2009,AHIR SACHIN MOHAN,Maharashtra,WORLI,NCP,NCP,52398,M,1,4,3,FALSE,TRUE,37.83,5294,3.82,38,3,4
AEMH97087,8,0,1995,MANE BABURAO JOTIRAM,Maharashtra,DHARAVI,SHS,,64607,M,1,3,1,FALSE,FALSE,49.56,24820,19.04,,1,3
AEMH97087,10,0,2004,MANE BABURAO JOTIRAM,Maharashtra,MAN,SHS,SHS,39095,M,2,3,1,FALSE,FALSE,27.2,15679,10.91,30,1,3
AEMH97087,11,0,2009,BABURAO JYOTIRAM MANE,Maharashtra,PHALTAN,SHS,SHS,31592,M,2,3,1,FALSE,FALSE,20.75,6920,4.54,57,1,3
AEMH97351,8,0,1995,NAWAB MALIK,Maharashtra,NEHRUNAGAR,SP,,37511,M,2,4,3,FALSE,FALSE,30.61,13350,10.89,,3,4
AEMH97351,9,0,1999,NAWAB MALIK,Maharashtra,NEHRUNAGAR,SP,SP,48155,M,1,4,3,FALSE,FALSE,45.93,18458,17.6,,3,4
AEMH97351,10,0,2004,NAWAB MALIK,Maharashtra,NEHRUNAGAR,NCP,SP,67115,M,1,4,3,TRUE,TRUE,57.21,30261,25.8,45,3,4
AEMH97351,11,0,2009,NAWAB MALIK,Maharashtra,ANUSHAKTI NAGAR,NCP,NCP,38928,M,1,4,3,FALSE,TRUE,35.32,6825,6.19,50,3,4
AEMH97525,8,0,1995,BRAHMANE KAILAS PUNDALIK,Maharashtra,AMBERNATH,IND,,2908,M,5,2,0,FALSE,FALSE,1.29,1584,0.7,,,2
AEMH97525,11,0,2009,KAILAS PUNDLIK BRAMHANE,Maharashtra,KALYAN WEST,BBM,IND,277,M,15,2,0,FALSE,FALSE,0.19,24,0.02,39,,2
AEMH97579,8,0,1995,TAWARE GURUNATH JANARDAN,Maharashtra,BHIWANDI,INC,,27877,M,4,2,0,FALSE,FALSE,12.83,25404,11.69,,,2
AEMH97579,11,0,2009,GURUNATH JANARDAN TAWRE,Maharashtra,BHIWANDI EAST,INC,INC,12881,M,3,2,0,FALSE,FALSE,14.42,8174,9.15,64,,2
AEMH97597,8,0,1995,PANDIT VIVEK RAGHUNATH,Maharashtra,VASAI,IND,,15552,M,5,3,1,FALSE,FALSE,8.03,14371,7.42,,1,3
AEMH97597,10,0,2004,PANDIT VIVEK RAGHUNATH,Maharashtra,VASAI,SHS,IND,93801,M,2,3,1,FALSE,FALSE,35.04,84704,31.64,48,1,3
AEMH97597,11,0,2009,VIVEK RAGHUNATH PANDIT(BHAU),Maharashtra,VASAI,IND,SHS,81358,M,1,3,1,FALSE,FALSE,48.35,16798,9.98,52,1,3
AEMH97610,8,0,1995,NIMKAR MANISHA MANOHAR,Maharashtra,PALGHAR,SHS,,55399,F,1,4,3,FALSE,FALSE,46.08,20149,16.76,,3,4
AEMH97610,9,0,1999,MANISHA MANOHAR NIMKAR,Maharashtra,PALGHAR,SHS,SHS,46015,F,1,4,3,FALSE,TRUE,55.54,24342,29.38,,3,4
AEMH97610,10,0,2004,MANISHA MANOHAR NIMKAR,Maharashtra,PALGHAR,SHS,SHS,58627,F,1,4,3,FALSE,TRUE,47.37,8441,6.82,46,3,4
AEMH97610,11,0,2009,MANISHA MANOHAR NIMKAR,Maharashtra,PALGHAR,SHS,SHS,34694,F,2,4,3,FALSE,TRUE,26.05,4011,3.01,51,3,4
AEMH97620,8,1,1998,Ghoda Krishna Arjun,Maharashtra,DAHANU,INC,,39326,M,1,4,3,FALSE,FALSE,45.24,15197,17.48,,3,4
AEMH97620,9,0,1999,GHODA KRISHNA ARJUN,Maharashtra,DAHANU,NCP,INC,40895,M,1,4,3,TRUE,TRUE,36.18,11387,10.07,,3,4
AEMH97620,10,0,2004,KRISHNA ARJUN GHODA,Maharashtra,DAHANU,NCP,NCP,72715,M,1,4,3,FALSE,TRUE,49.82,24872,17.04,53,3,4
AEMH97620,11,0,2009,GHODA KRISHNA ARJUN,Maharashtra,DAHANU,NCP,NCP,46350,M,2,4,3,FALSE,TRUE,35.05,28395,21.47,58,3,4
AEMH97621,8,1,1998,Dhodi Ishwar Kisan,Maharashtra,DAHANU,SHS,,24129,M,2,4,0,FALSE,FALSE,27.76,10297,11.85,,,4
AEMH97621,9,0,1999,ISHWAR KISAN DHODI,Maharashtra,DAHANU,SHS,SHS,29508,M,2,4,0,FALSE,FALSE,26.11,3278,2.9,,,4
AEMH97621,10,0,2004,ISHWAR KISAN DHODI,Maharashtra,DAHANU,SHS,SHS,47843,M,2,4,0,FALSE,FALSE,32.78,33999,23.3,36,,4
AEMH97621,11,0,2009,DHODI ISHWAR KISAN,Maharashtra,DAHANU,SHS,SHS,17955,M,3,4,0,FALSE,FALSE,13.58,12543,9.48,49,,4
AEMH97627,8,0,1995,DARODA DAULAT BHIKA,Maharashtra,SHAHAPUR,SHS,,52441,M,1,4,3,FALSE,FALSE,52.48,21322,21.34,,3,4
AEMH97627,9,0,1999,DARODA DAULAT BHIKA,Maharashtra,SHAHAPUR,SHS,SHS,29293,M,1,4,3,FALSE,TRUE,36.22,4370,5.4,,3,4
AEMH97627,10,0,2004,DAULAT BHIKA DARODA,Maharashtra,HAHAPUR,SHS,SHS,41534,M,2,4,3,FALSE,TRUE,34.08,22433,18.41,36,3,4
AEMH97627,11,0,2009,DAULAT BHIKA DARODA,Maharashtra,SHAHAPUR,SHS,SHS,58334,M,1,4,3,FALSE,FALSE,40.48,12269,8.51,41,3,4
AEMH97703,8,1,1997,Kadam Mandakini Raosaheb,Maharashtra,NIPHAD,SHS,,52491,F,1,4,3,FALSE,FALSE,51.37,5524,5.41,,3,4
AEMH97703,9,0,1999,KADAM MANDAKINI RAOSAHEB,Maharashtra,NIPHAD,SHS,SHS,43222,F,1,4,3,FALSE,TRUE,36.78,12065,10.27,,3,4
AEMH97703,10,0,2004,KADAM MANDAKINI RAOSAHEB,Maharashtra,NIPHAD,SHS,SHS,35409,F,2,4,3,FALSE,TRUE,22.95,7121,4.62,42,3,4
AEMH97703,11,0,2009,KADAM ANIL SAHEBRAO,Maharashtra,NIPHAD,SHS,SHS,90065,M,1,4,3,FALSE,FALSE,56.06,33145,20.63,38,3,4
AEMH97804,8,0,1995,WAGHERE ANANDA GANGARAM,Maharashtra,SURGANA,INC,,11433,M,3,5,2,FALSE,FALSE,9.77,9187,7.85,,2,4
AEMH97804,8,0,1995,ANANDRAO GANGARAM GEDAM,Maharashtra,ARMORI,IND,INC,25499,M,2,5,2,FALSE,FALSE,18.24,712,0.51,,2,4
AEMH97804,9,0,1999,ANANDRAO GANGARAM GEDAM,Maharashtra,ARMORI,INC,IND,36004,M,2,5,2,FALSE,FALSE,29.97,19565,16.28,,2,4
AEMH97804,10,0,2004,ANANDRAO GANGARAM GEDAM,Maharashtra,ARMORI,INC,INC,53567,M,1,5,2,FALSE,FALSE,37.83,12726,8.99,36,2,4
AEMH97804,11,0,2009,ANANDRAO GANGARAM GEDAM,Maharashtra,ARMORI,INC,INC,41257,M,1,5,2,FALSE,TRUE,28.43,5555,3.83,41,2,4
AEMH97814,8,0,1995,CHAVAN SANJAY KANTILAL,Maharashtra,BAGLAN,INC,,25047,M,2,4,1,FALSE,FALSE,22.18,3874,3.43,,1,4
AEMH97814,9,0,1999,CHAVAN SANJAY KANTILAL,Maharashtra,BAGLAN,IND,INC,16498,M,4,4,1,FALSE,FALSE,19.21,11243,13.09,,1,4
AEMH97814,10,0,2004,CHAVAN SANJAY KANTILAL,Maharashtra,BAGLAN,IND,IND,37155,M,1,4,1,FALSE,FALSE,34.8,1441,1.35,36,1,4
AEMH97814,11,0,2009,CHAVAN SANJAY KANTILAL,Maharashtra,BAGLAN,IND,IND,52460,M,2,4,1,FALSE,TRUE,43.22,43215,35.6,40,1,4
AEMH97833,8,0,1995,GAVIT VIJAYKUMAR KRISHNARAO,Maharashtra,NANDURBAR,IND,,57694,M,1,4,4,FALSE,FALSE,47.7,19578,16.19,,4,4
AEMH97833,9,0,1999,GAVIT VIJAYKUMAR KRISHNARAO,Maharashtra,NANDURBAR,NCP,IND,61707,M,1,4,4,FALSE,TRUE,50.62,4694,3.85,,4,4
AEMH97833,10,0,2004,GAVIT VIJAYKUMAR KRISHNARAO,Maharashtra,NANDURBAR,NCP,NCP,72132,M,1,4,4,FALSE,TRUE,52.04,38598,27.85,49,4,4
AEMH97833,11,0,2009,GAVIT VIJAYKUMAR KRUSHNARAO,Maharashtra,NANDURBAR,NCP,NCP,99323,M,1,4,4,FALSE,TRUE,54.88,23858,13.18,53,4,4
AEMH97839,8,0,1995,VALVI PADMAKAR VIJESING,Maharashtra,TALODE,IND,,23608,M,2,4,3,FALSE,FALSE,22.99,6905,6.72,,3,4
AEMH97839,9,0,1999,VALVI PADMAKAR VIJESING,Maharashtra,TALODE,INC,IND,51977,M,1,4,3,FALSE,FALSE,52.92,19015,19.36,,3,4
AEMH97839,10,0,2004,VALVI PADMAKAR VIJESING,Maharashtra,TALODE,INC,INC,57397,M,1,4,3,FALSE,TRUE,44.93,6802,5.32,36,3,4
AEMH97839,11,0,2009,VALVI PADMAKAR VIJAYSING,Maharashtra,SHAHADA,INC,INC,51222,M,1,4,3,FALSE,TRUE,35.41,12587,8.7,41,3,4
AEMH97975,8,1,1996,Patil Satish Bhaskarrao,Maharashtra,Parola,INC,,59931,"",1,4,2,FALSE,FALSE,58.95,25525,25.11,,2,4
AEMH97975,9,0,1999,PATIL SATISH BHASKARRAO,Maharashtra,PAROLA,NCP,INC,42013,M,2,4,2,TRUE,TRUE,35.29,17314,14.54,,2,4
AEMH97975,10,0,2004,DR SATISH BHASKARRAO PATIL,Maharashtra,PAROLA,NCP,NCP,65346,M,1,4,2,FALSE,FALSE,41.88,147,0.09,45,2,4
AEMH97975,11,0,2009,ANNASAHEB DR. SATISH BHASKARRAO PATIL,Maharashtra,ERANDOL,NCP,NCP,67410,M,2,4,2,FALSE,TRUE,45.97,64983,44.31,51,2,4
AEMH97976,8,1,1996,Patil Chimanrao Rupchand,Maharashtra,Parola,SHS,,34406,"",2,4,2,FALSE,FALSE,33.84,31392,30.88,,2,4
AEMH97976,9,0,1999,PATIL CHIMANRAO RUPCHAND,Maharashtra,PAROLA,SHS,SHS,47041,M,1,4,2,FALSE,FALSE,39.51,5028,4.22,,2,4
AEMH97976,10,0,2004,PATIL CHIMANRAO RUPCHAND,Maharashtra,PAROLA,SHS,SHS,65199,M,2,4,2,FALSE,TRUE,41.78,50175,32.15,54,2,4
AEMH97976,11,0,2009,PATIL CHIMANRAO RUPCHAND,Maharashtra,ERANDOL,SHS,SHS,70708,M,1,4,2,FALSE,FALSE,48.22,3298,2.25,59,2,4
AEMH98053,8,0,1995,GIRISH DATTATRAY MAHAJAN,Maharashtra,JAMNER,BJP,,63661,M,1,4,4,FALSE,FALSE,52.27,20037,16.45,,4,4
AEMH98053,9,0,1999,MAHAJAN GIRISH DATTATRAYA,Maharashtra,JAMNER,BJP,BJP,56416,M,1,4,4,FALSE,TRUE,47.12,14937,12.48,,4,4
AEMH98053,10,0,2004,MAHAJAN GIRISH DATTATRAYA,Maharashtra,AMNER,BJP,BJP,71813,M,1,4,4,FALSE,TRUE,49.5,29313,20.2,41,4,4
AEMH98053,11,0,2009,MAHAJAN GIRISH DATTATRAY,Maharashtra,JAMNER,BJP,BJP,89040,M,1,4,4,FALSE,TRUE,50.17,7517,4.24,49,4,4
AEMH98110,8,0,1995,PATILRAVINDRA PRALHADRAO,Maharashtra,EDLABAD,INC,,49527,M,2,5,0,FALSE,FALSE,38.09,40383,31.05,,,4
AEMH98110,8,1,1996,Ravindra Pralhadrao Patil,Maharashtra,Jalgaon,INC,INC,45964,"",2,5,0,FALSE,FALSE,38.46,0,0,,,4
AEMH98110,9,0,1999,RAVINDRA PRALHADRAO PATIL,Maharashtra,EDLABAD,NCP,INC,34167,M,2,5,0,TRUE,FALSE,28.3,7491,6.2,,,4
AEMH98110,10,0,2004,RAVINDRA PRALHADRAO PATIL,Maharashtra,EDLABAD,NCP,NCP,67157,M,2,5,0,FALSE,FALSE,46.46,64066,44.32,49,,4
AEMH98110,11,0,2009,AD.RAVINDRA PRALHADRAV PATIL,Maharashtra,MUKTAINAGAR,NCP,NCP,67319,M,2,5,0,FALSE,FALSE,39.99,61533,36.55,54,,4
AEMH98119,8,0,1995,SANCHETI CHAINSUKH MADANLAL,Maharashtra,MALKAPUR,IND,,39492,M,1,4,4,FALSE,FALSE,32.36,13020,10.67,,4,4
AEMH98119,9,0,1999,SANCHETI CHAINSUKH MADANLAL,Maharashtra,MALKAPUR,BJP,IND,47192,M,1,4,4,FALSE,TRUE,42.09,16846,15.02,,4,4
AEMH98119,10,0,2004,CHAINSUKH MADANLAL SANCHETI,Maharashtra,MALKAPUR,BJP,BJP,48719,M,1,4,4,FALSE,TRUE,35.88,2821,2.08,51,4,4
AEMH98119,11,0,2009,CHAINSUKH MADANLAL SANCHETI,Maharashtra,MALKAPUR,BJP,BJP,61177,M,1,4,4,FALSE,TRUE,39.94,11987,7.83,55,4,4
AEMH98135,8,0,1995,SHINDE VIJAY HARIBHAU,Maharashtra,BULDHANA,SHS,,48842,M,1,4,3,FALSE,FALSE,34.12,9773,6.83,,3,4
AEMH98135,9,0,1999,SHINDE VIJAY HARIBHAU,Maharashtra,BULDHANA,SHS,SHS,34789,M,2,4,3,FALSE,TRUE,27.27,8960,7.02,,3,4
AEMH98135,10,0,2004,SHINDE VIJAY HARIBHAU,Maharashtra,BULDHANA,SHS,SHS,55546,M,1,4,3,FALSE,FALSE,33.89,14638,8.93,39,3,4
AEMH98135,11,0,2009,VIJAYRAJ HARIBHAU SHINDE,Maharashtra,BULDHANA,SHS,SHS,66524,M,1,4,3,FALSE,TRUE,46.74,8456,5.94,44,3,4
AEMH98157,8,0,1995,SAWALE DHRUPATRAO BHAGAWANRAO,Maharashtra,CHIKHLI,IND,,24051,M,4,3,1,FALSE,FALSE,17.06,10928,7.75,,1,3
AEMH98157,9,0,1999,SAWALE DRUPATRAO BHAGWANRAO,Maharashtra,BULDHANA,INC,IND,42079,M,1,3,1,FALSE,FALSE,32.98,7290,5.71,,1,3
AEMH98157,11,0,2009,DHRUPADRAO BHAGWAN SAWALE,Maharashtra,BULDHANA,INC,INC,58068,M,2,3,1,FALSE,FALSE,40.8,53619,37.67,54,1,3
AEMH98169,8,0,1995,SHINGNE RAJENDRA BHASKARRAO,Maharashtra,SINDKHEDRAJA,IND,,71465,M,1,3,3,FALSE,FALSE,50.82,31852,22.65,,3,3
AEMH98169,9,0,1999,DR. SHINGNE RAJENDRA BHASKARRAO,Maharashtra,SINDKHEDRAJA,NCP,IND,61111,M,1,3,3,FALSE,TRUE,49.52,19390,15.71,,3,3
AEMH98169,11,0,2009,DR RAJENDRA BHASKARRAO SHINGNE,Maharashtra,SINDKHED RAJA,NCP,NCP,81808,M,1,3,3,FALSE,FALSE,47.37,24150,13.98,48,3,3
AEMH98253,8,0,1995,PROF. SHARAD PATIL,Maharashtra,AKOT,IND,,5336,M,5,3,1,FALSE,FALSE,4.27,3443,2.75,,1,2
AEMH98253,11,0,2009,PROF.SHARD PATIL,Maharashtra,DHULE RURAL,SHS,IND,100562,M,1,3,1,FALSE,FALSE,52.15,18982,9.84,49,1,2
AEMH98253,11,0,2009,PROF. SHARAD PATIL,Maharashtra,SANGLI,JD(S),SHS,6660,M,4,3,1,TRUE,FALSE,3.9,1058,0.62,65,1,2
AEMH98300,8,0,1995,GOWARDHAN MANGILAL SHARMA,Maharashtra,AKOLA,BJP,,59614,M,1,4,4,FALSE,FALSE,46.56,34202,26.71,,4,4
AEMH98300,9,0,1999,GOVARDHAN MANGILAL SHARMA,Maharashtra,AKOLA,BJP,BJP,51646,M,1,4,4,FALSE,TRUE,46.28,2515,2.25,,4,4
AEMH98300,10,0,2004,GOVERDHAN MANGILAL SHARMA,Maharashtra,AKOLA,BJP,BJP,48073,M,1,4,4,FALSE,TRUE,36.55,7528,5.72,55,4,4
AEMH98300,11,0,2009,GOVARDHAN MANGILALJI SHARMA,Maharashtra,AKOLA WEST,BJP,BJP,44156,M,1,4,4,FALSE,TRUE,35.19,11910,9.49,60,4,4
AEMH98333,8,0,1995,GAWHANKAR NARAYANRAO HARIBHAU,Maharashtra,BALAPUR,BJP,,36844,M,1,4,2,FALSE,FALSE,29.4,1262,1.01,,2,4
AEMH98333,9,0,1999,GAVHANKAR NARAYANRAO HARIBHAU,Maharashtra,BALAPUR,BJP,BJP,29376,M,2,4,2,FALSE,TRUE,28.84,13215,12.97,,2,4
AEMH98333,10,0,2004,GAVHANKAR NARAYANRAO HARIBHAU,Maharashtra,BALAPUR,BJP,BJP,52157,M,1,4,2,FALSE,FALSE,40.71,7268,5.67,48,2,4
AEMH98333,11,0,2009,GAVHANKAR NARAYANRAO HARIBHAU,Maharashtra,BALAPUR,BJP,BJP,30491,M,3,4,2,FALSE,TRUE,21.45,5469,3.85,51,2,4
AEMH98448,8,0,1995,PRAKASH UTTAMRAO DAHAKE,Maharashtra,KARANJA,INC,,29304,M,2,4,1,FALSE,FALSE,27.03,8433,7.78,,1,4
AEMH98448,9,0,1999,DAHAKE PRAKASH UTTAMRAO,Maharashtra,KARANJA,NCP,INC,35099,M,2,4,1,TRUE,FALSE,38.38,23455,25.65,,1,4
AEMH98448,10,0,2004,PRAKASH UTTAMRAOJI DAHAKE,Maharashtra,KARANJA,BBM,NCP,36648,M,2,4,1,TRUE,FALSE,29.98,7557,6.18,46,1,4
AEMH98448,11,0,2009,DAHAKE PRAKASH UTTAMRAO,Maharashtra,KARANJA,NCP,BBM,62658,M,1,4,1,TRUE,FALSE,38.77,30375,18.79,56,1,4
AEMH98502,8,0,1995,PATEL RAJKUMAR DAYARAM,Maharashtra,MELGHAT,BSP,,32209,M,2,4,2,FALSE,FALSE,25.81,9110,7.3,,2,4
AEMH98502,9,0,1999,RAJKUMAR DAYARAM PATEL,Maharashtra,MELGHAT,BJP,BSP,43698,M,1,4,2,TRUE,FALSE,41.06,3335,3.13,,2,4
AEMH98502,10,0,2004,RAJKUMAR DAYARAM PATEL,Maharashtra,MELGHAT,BJP,BJP,61354,M,1,4,2,FALSE,TRUE,45.98,3772,2.83,42,2,4
AEMH98502,11,0,2009,PATEL RAJKUMAR DAYARAM,Maharashtra,MELGHAT,BJP,BJP,62909,M,2,4,2,FALSE,TRUE,43.02,57023,39,47,2,4
AEMH98577,8,0,1995,TATTE SAHABRAO RAMCHANDRA,Maharashtra,TEOSA,BJP,,10967,M,5,4,2,FALSE,FALSE,10.05,633,0.58,,2,4
AEMH98577,9,0,1999,SAHEBRAO RAMCHANDRA TATTE,Maharashtra,TEOSA,BJP,BJP,35282,M,1,4,2,FALSE,FALSE,38.23,1125,1.22,,2,4
AEMH98577,10,0,2004,TATTE SAHEBRAO RAMCHANDRA,Maharashtra,TEOSA,BJP,BJP,38894,M,1,4,2,FALSE,TRUE,34.29,6938,6.12,58,2,4
AEMH98577,11,0,2009,TATTE SAHEBRAO RAMCHANDRA,Maharashtra,MORSHI,BJP,BJP,15276,M,5,4,2,FALSE,TRUE,9.24,13142,7.95,62,2,4
AEMH98599,8,0,1995,SANJAY RAOSAHEB BAND,Maharashtra,WALGAON,SHS,,25864,M,1,4,3,FALSE,FALSE,23.13,3775,3.38,,3,4
AEMH98599,9,0,1999,BAND SANJAY RAOSAHEB,Maharashtra,WALGAON,SHS,SHS,40690,M,1,4,3,FALSE,TRUE,47.04,19199,22.19,,3,4
AEMH98599,10,0,2004,BAND SANJAY RAOSAHEB,Maharashtra,WALGAON,SHS,SHS,41109,M,1,4,3,FALSE,TRUE,37.53,12763,11.65,41,3,4
AEMH98599,11,0,2009,BAND SANJAY RAOSAHEB,Maharashtra,TEOSA,SHS,SHS,46924,M,2,4,3,FALSE,TRUE,31.68,35090,23.69,47,3,4
AEMH98714,8,0,1995,JAGTAP VIRENDRA WALMIK,Maharashtra,CHANDUR,INC,,27069,M,3,4,2,FALSE,FALSE,25.11,22622,20.99,,2,4
AEMH98714,9,0,1999,VIRENDRA WALMIKRAO JAGTAP,Maharashtra,CHANDUR,INC,INC,30479,M,2,4,2,FALSE,FALSE,32.06,4987,5.25,,2,4
AEMH98714,10,0,2004,JAGTAP VIRENDRA VALMIK,Maharashtra,CHANDUR,INC,INC,45536,M,1,4,2,FALSE,FALSE,39.81,13303,11.63,41,2,4
AEMH98714,11,0,2009,JAGTAP VIRENDRA VALMIK,Maharashtra,DHAMAMGAON RAILWAY,INC,INC,72755,M,1,4,2,FALSE,TRUE,39.93,13448,7.38,46,2,4
AEMH98774,8,0,1995,ZADE YESHWANT NAMDEORAO,Maharashtra,WARDHA,CPM,,12365,M,4,2,0,FALSE,FALSE,9.03,1477,1.08,,,2
AEMH98774,11,0,2009,YASHWANT NAMDEORAO ZADE,Maharashtra,DEOLI,CPM,CPM,1797,M,7,2,0,FALSE,FALSE,1.21,1193,0.8,46,,2
AEMH98943,8,0,1995,LOKHANDE RAJU JYOTIRAM,Maharashtra,NAGPUR SOUTH,BBMS,,28478,M,3,4,0,FALSE,FALSE,20.54,19426,14.01,,,4
AEMH98943,9,0,1999,RAJU JYOTIRAM LOKHANDE,Maharashtra,NAGPUR SOUTH,BBM,BBMS,26142,M,3,4,0,TRUE,FALSE,23.41,19579,17.53,,,4
AEMH98943,10,0,2004,RAJU JYOTIRAMJI LOKHANDE,Maharashtra,NAGPUR SOUTH,BBM,BBM,12056,M,4,4,0,FALSE,FALSE,9.8,11429,9.29,40,,4
AEMH98943,11,0,2009,LOKHANDE RAJU JOTIRAMJI,Maharashtra,NAGPUR SOUTH WEST,BBM,BBM,10533,M,3,4,0,FALSE,FALSE,6.02,2196,1.26,44,,4
AEMH99073,8,0,1995,BANG RAMESHCHANDRA GOPIKISAN,Maharashtra,KALMESHWAR,IND,,35118,M,1,4,3,FALSE,FALSE,24.8,7249,5.12,,3,4
AEMH99073,9,0,1999,BANG RAMESHCHANDRA GOPIKISAN,Maharashtra,KALMESHWAR,NCP,IND,34580,M,1,4,3,FALSE,TRUE,29.97,3463,3,,3,4
AEMH99073,10,0,2004,BANG RAMESHCHANDRA GOPIKISAN,Maharashtra,KALMESHWAR,NCP,NCP,48643,M,1,4,3,FALSE,TRUE,31.17,3064,1.96,59,3,4
AEMH99073,11,0,2009,RAMESHCHANDRA GOPIKISANJI BANG,Maharashtra,HINGNA,NCP,NCP,64339,M,2,4,3,FALSE,TRUE,39.86,55077,34.12,64,3,4
AEMH99119,8,0,1995,SUNIL CHHATRAPAL KEDAR,Maharashtra,SAVNER,IND,,60325,M,1,4,3,FALSE,FALSE,42.47,21393,15.06,,3,4
AEMH99119,9,0,1999,KEDAR SUNIL CHHATRAPAL,Maharashtra,SAVNER,NCP,IND,38005,M,2,4,3,FALSE,TRUE,32.99,6777,5.88,,3,4
AEMH99119,10,0,2004,KEDAR SUNIL CHHATRAPAL,Maharashtra,SAVNER,IND,NCP,61863,M,1,4,3,FALSE,FALSE,41.3,13467,8.99,43,3,4
AEMH99119,11,0,2009,KEDAR SUNIL CHHATRAPAL,Maharashtra,SAVNER,INC,IND,82452,M,1,4,3,FALSE,TRUE,47.13,3472,1.98,48,3,4
AEMH99260,8,0,1995,KUTHE RAMESHKUMAR SAMPATRAO,Maharashtra,GONDIA,SHS,,29936,M,1,4,2,FALSE,FALSE,24.18,2485,2.01,,2,4
AEMH99260,9,0,1999,KUTHE RAMESHKUMAR SAMPATRAO,Maharashtra,GONDIA,SHS,SHS,40287,M,1,4,2,FALSE,TRUE,39.77,12381,12.22,,2,4
AEMH99260,10,0,2004,KUTHE RAMESHKUMAR SAMPATRAO,Maharashtra,GONDIA,SHS,SHS,45932,M,2,4,2,FALSE,TRUE,36.77,32598,26.09,54,2,4
AEMH99260,11,0,2009,KUTHE RAMESHKUMAR SAMPATRAO,Maharashtra,GONDIYA,SHS,SHS,65950,M,2,4,2,FALSE,FALSE,40.42,55351,33.92,58,2,4
AEMH99321,8,0,1995,SEWAKBHAU NIRDHANJI PATIL WAGHAYE,Maharashtra,SAKOLI,INC,,39044,M,2,4,2,FALSE,FALSE,29.89,18369,14.06,,2,4
AEMH99321,9,0,1999,SEWAKBHAU NIRDHANJI WAGHAYE,Maharashtra,SAKOLI,INC,INC,48654,M,1,4,2,FALSE,FALSE,43.19,7373,6.54,,2,4
AEMH99321,10,0,2004,SEVAKBHAU NIRDHANJI WAGHAYE (PATIL),Maharashtra,SAKOLI,INC,INC,57293,M,1,4,2,FALSE,TRUE,42.77,14120,10.54,38,2,4
AEMH99321,11,0,2009,WAGHAYE SEVAKBHAU NIRDHAN,Maharashtra,SAKOLI,INC,INC,59253,M,2,4,2,FALSE,TRUE,29.31,48565,24.03,43,2,4
AEMH99339,8,0,1995,RAMTEKE KABIRDAS SAWAJI,Maharashtra,LAKHANDUR,IND,,27451,M,3,3,0,FALSE,FALSE,18.25,7503,4.99,,,3
AEMH99339,9,0,1999,RAMTEKE KABIRDAS SAOJI,Maharashtra,LAKHANDUR,BBM,IND,2119,M,5,3,0,FALSE,FALSE,1.59,1031,0.77,,,3
AEMH99339,11,0,2009,RAMTEKE KABIRDAS SAWAJI,Maharashtra,ARJUNI-MORGAON,BBM,BBM,2642,M,6,3,0,FALSE,FALSE,1.76,1693,1.13,64,,3
AEMH99505,8,0,1995,DEOTALE SANJAY WAMANRAO,Maharashtra,BHADRAWATI,INC,,37689,M,1,4,4,FALSE,FALSE,24.78,11525,7.58,,4,4
AEMH99505,9,0,1999,DEOTALE SANJAY WAMANRAO,Maharashtra,BHADRAWATI,INC,INC,49191,M,1,4,4,FALSE,TRUE,40.18,7273,5.94,,4,4
AEMH99505,10,0,2004,DEOTALE SANJAY WAMANRAO,Maharashtra,BHADRAWATI,INC,INC,48422,M,1,4,4,FALSE,TRUE,34.1,18443,12.99,39,4,4
AEMH99505,11,0,2009,DEOTALE SANJAY WAMANRAO,Maharashtra,WARORA,INC,INC,51904,M,1,4,4,FALSE,TRUE,33.26,3740,2.4,47,4,4
AEMH99540,8,0,1995,PURKE VASANT CHINDHUJI,Maharashtra,RALEGAON,INC,,38759,M,1,4,4,FALSE,FALSE,29.95,12759,9.86,,4,4
AEMH99540,9,0,1999,PURKE VASANT CHINDHUJI,Maharashtra,RALEGAON,INC,INC,53852,M,1,4,4,FALSE,TRUE,53.26,22505,22.26,,4,4
AEMH99540,10,0,2004,PROF PURKE VASANT CHINDHUJI,Maharashtra,RALEGAON,INC,INC,64686,M,1,4,4,FALSE,TRUE,45.92,11218,7.96,48,4,4
AEMH99540,11,0,2009,PROF.VASANT CHINDHUJI PURKE,Maharashtra,RALEGAON,INC,INC,74622,M,1,4,4,FALSE,TRUE,47.43,40418,25.69,53,4,4
AEMH99600,8,1,1996,Madan Madhukar Yerawar,Maharashtra,Yavatmal,BJP,,33627,"",1,4,2,FALSE,FALSE,31.05,10851,10.02,,2,4
AEMH99600,9,0,1999,MADAN MADHUKAR YERAWAR,Maharashtra,YAVATMAL,BJP,BJP,41011,M,2,4,2,FALSE,TRUE,36.66,22283,19.92,,2,4
AEMH99600,10,0,2004,YERAWAR MADAN MADHUKARRAO,Maharashtra,YAVATMAL,BJP,BJP,49234,M,1,4,2,FALSE,FALSE,35.76,6359,4.62,41,2,4
AEMH99600,11,0,2009,MADAN MADHUKARRAO YERAWAR,Maharashtra,YAVATMAL,BJP,BJP,36495,M,2,4,2,FALSE,TRUE,22.46,10143,6.24,46,2,4
AEMH99698,8,0,1995,INGALE UTTAMRAO RAGHOJI,Maharashtra,UMARKHED,BJP,,44826,M,1,4,2,FALSE,FALSE,33.23,16578,12.29,,2,4
AEMH99698,9,0,1999,INGALE UTTAM RAGHOJI,Maharashtra,UMARKHED,BJP,BJP,32878,M,3,4,2,FALSE,TRUE,28.52,29079,25.22,,2,4
AEMH99698,10,0,2004,INGLE UTTAM RAGHOJI,Maharashtra,UMARKHED,BJP,BJP,52143,M,1,4,2,FALSE,FALSE,35.24,14909,10.08,38,2,4
AEMH99698,11,0,2009,INGALE UTTAM RAGHOBAJI,Maharashtra,ARNI,BJP,BJP,53301,M,2,4,2,FALSE,TRUE,31.81,47771,28.51,43,2,4
AEMH99849,8,1,1998,Thakkarwad Gangaram Poshatti,Maharashtra,BILOLI,JD,,31423,M,2,4,1,FALSE,FALSE,28.21,847,0.76,,1,4
AEMH99849,9,0,1999,THAKKARWAD GANGARAM POSHETTI,Maharashtra,BILOLI,JD(S),JD,36443,M,1,4,1,TRUE,FALSE,31.54,1487,1.29,,1,4
AEMH99849,10,0,2004,KASRALIKAR THAKKARWAD GANGARAM POSHETTY,Maharashtra,BILOLI,BJP,JD(S),51421,M,2,4,1,TRUE,TRUE,31.62,41220,25.34,61,1,4
AEMH99849,11,0,2009,THAKKARWAD LAXMANRAO GANGARAM,Maharashtra,NAIGAON,BJP,BJP,15788,M,4,4,1,FALSE,FALSE,9.24,9083,5.31,48,1,4
AEMH99854,8,0,1995,SABNE SUBHASH PIRAJI,Maharashtra,MUKHED,SHS,,13819,M,4,4,2,FALSE,FALSE,11.27,10325,8.42,,2,4
AEMH99854,9,0,1999,SABANE SUBHASH PIRAJI,Maharashtra,MUKHED,SHS,SHS,38752,M,1,4,2,FALSE,FALSE,38.27,1289,1.27,,2,4
AEMH99854,10,0,2004,SABNE SUBHASH PIRAJI,Maharashtra,MUKHED,SHS,SHS,63525,M,1,4,2,FALSE,TRUE,42.67,5353,3.6,35,2,4
AEMH99854,11,0,2009,SABANE SUBHASH PIRAJI,Maharashtra,DEGLUR,SHS,SHS,58398,M,2,4,2,FALSE,TRUE,37.69,41998,27.11,38,2,4
GEMH15537,11,0,2009,SATAV RAJIV SHANKARRAO,Maharashtra,KALAMNURI,INC,,67804,M,1,1,1,FALSE,FALSE,40.46,8227,4.91,35,1,1
GEMH32101,11,0,2009,ADV.CHINTAMAN WANGA,Maharashtra,VIKRAMGAD,BJP,,47371,M,1,1,1,FALSE,FALSE,32.09,5032,3.41,58,1,1
GEMH32468,8,0,1995,KADAMBANDE RAJVARDHAN RAGHUJIRAO ALIAS,Maharashtra,DHULE,IND,,34456,M,1,4,2,FALSE,FALSE,25.21,10701,7.83,,2,4
GEMH32468,9,0,1999,KADAMBANDE RAJVARDHAN RAGHUJIRAO,Maharashtra,DHULE,INC,IND,33352,M,3,4,2,FALSE,TRUE,28.19,28673,24.23,,2,4
GEMH32468,10,0,2004,KADAMBANDE RAJWARDHAN RAGHOJIRAO ALIAS RAJU BABA,Maharashtra,DHULE,NCP,INC,54457,M,1,4,2,TRUE,FALSE,39.26,5343,3.85,44,2,4
GEMH32468,11,0,2009,KADAMBANDE RAJVARDHAN RAGHUJIRAO,Maharashtra,DHULE CITY,NCP,NCP,30835,M,2,4,2,FALSE,TRUE,22.6,5495,4.03,49,2,4
GEMH37921,8,0,1995,AD. K.C. PADAVI,Maharashtra,AKRANI,IND,,27915,M,1,4,4,FALSE,FALSE,27.05,3998,3.87,,4,4
GEMH37921,9,0,1999,AD. K.C. PADVI,Maharashtra,AKRANI,INC,IND,39353,M,1,4,4,FALSE,TRUE,44.54,11805,13.36,,4,4
GEMH37921,10,0,2004,ADV K C PADVI,Maharashtra,AKRANI,INC,INC,38165,M,1,4,4,FALSE,TRUE,33.85,17940,15.91,47,4,4
GEMH37921,11,0,2009,PADVI ADV K. C.,Maharashtra,AKKALKUWA,INC,INC,52273,M,1,4,4,FALSE,TRUE,36.48,2559,1.79,49,4,4
GEMH37974,10,0,2004,BHADE HARIDAS PANDHARI,Maharashtra,BORGAON MANJU,BBM,,44140,M,1,2,2,FALSE,FALSE,26.93,4799,2.93,46,2,2
GEMH37974,11,0,2009,BHADE HARIDAS PANDHARI,Maharashtra,AKOLA EAST,BBM,BBM,48438,M,1,2,2,FALSE,TRUE,32.72,14244,9.62,51,2,2
GEMH38087,8,0,1995,MUNGANTIWAR SUDHIR SACHIDANANDA,Maharashtra,CHANDRAPUR,BJP,,94379,M,1,4,4,FALSE,FALSE,48.66,54464,28.08,,4,4
GEMH38087,9,0,1999,MUNGANTIWAR SUDHIR SACHHIDANAND,Maharashtra,CHANDRAPUR,BJP,BJP,84688,M,1,4,4,FALSE,TRUE,51.51,30579,18.6,,4,4
GEMH38087,10,0,2004,MUNGANTIWAR SUDHIR SACHHIDANAND,Maharashtra,CHANDRAPUR,BJP,BJP,94003,M,1,4,4,FALSE,TRUE,49.99,26901,14.31,43,4,4
GEMH38087,11,0,2009,MUNGANTIWAR SUDHIR SACHCHIDANAND,Maharashtra,BALLARPUR,BJP,BJP,86196,M,1,4,4,FALSE,TRUE,49.74,24736,14.28,47,4,4
GEMH49483,7,0,1990,VIMAL NANDKISHOR MUNDADA,Maharashtra,KAIJ,BJP,,35957,F,1,5,5,FALSE,FALSE,35.72,9221,9.16,,5,5
GEMH49483,8,0,1995,DR. VIMALTAI NANDKISHORE MUNDADA,Maharashtra,KAIJ,BJP,BJP,72308,F,1,5,5,FALSE,TRUE,55.93,40330,31.2,,5,5
GEMH49483,9,0,1999,DR. MUNDADA VIMALTAI NANDKISHOR,Maharashtra,KAIJ,NCP,BJP,81354,F,1,5,5,TRUE,TRUE,64.82,45835,36.52,,5,5
GEMH49483,10,0,2004,DR VIMALTAI NANDKISHOR MUNDADA,Maharashtra,KAIJ,NCP,NCP,86720,F,1,5,5,FALSE,TRUE,54.73,27340,17.26,42,5,5
GEMH49483,11,0,2009,DR. SOU. VIMALTAI NANDKISHOR MUNDADA,Maharashtra,KAIJ,NCP,NCP,110452,F,1,5,5,FALSE,TRUE,57.71,44264,23.13,47,5,5
GEMH57252,10,0,2004,OZARE RAJARAM NATHU,Maharashtra,AWHAR,CPM,,60050,M,1,2,2,FALSE,FALSE,42.19,23231,16.32,50,2,2
GEMH57252,11,0,2009,OZARE RAJARAM NATHU,Maharashtra,DAHANU,CPM,CPM,62530,M,1,2,2,FALSE,TRUE,47.28,16180,12.23,56,2,2
GEMH57315,10,0,2004,GAVIT RAJENDRA D,Maharashtra,PALGHAR,INC,,50186,M,2,2,1,FALSE,FALSE,40.55,44068,35.61,37,1,2
GEMH57315,11,0,2009,GAWIT RAJENDRA DHEDYA,Maharashtra,PALGHAR,INC,INC,55665,M,1,2,1,FALSE,FALSE,41.8,20971,15.75,41,1,2
GEMH66248,11,0,2009,JAISWAL PRADEEP SHIVNARAYAN,Maharashtra,AURANGABAD CENTRAL,IND,,49965,M,1,1,1,FALSE,FALSE,36.76,8384,6.17,48,1,1
GEMH70605,11,0,2009,ADV. DHIKALE UTTAMRAO NATHUJI,Maharashtra,NASHIK EAST,MNS,,47924,M,1,1,1,FALSE,FALSE,34.39,18735,13.44,69,1,1
GEMH70660,11,0,2009,MOHITE SUBODH BABURAO,Maharashtra,RAMTEK,INC,,46576,M,2,1,0,FALSE,FALSE,30.33,12272,7.99,45,,1
GEMH70750,11,0,2009,KSHIRSAGAR NAGNATH DATTATRAYA,Maharashtra,MOHOL,IND,,52452,M,2,1,0,FALSE,FALSE,33.86,42786,27.62,57,,1
GEMH76072,6,0,1985,DHOBALE LAXMA KONDIBA,Maharashtra,MANGALVEDHE,ICS,,43944,M,1,5,5,FALSE,FALSE,60,15554,21.24,,5,5
GEMH76072,7,0,1990,DHOBALE LAXMAN KONDIBA,Maharashtra,MANGALVEDHE,INC,ICS,49605,M,1,5,5,TRUE,TRUE,54.47,12298,13.5,,5,5
GEMH76072,8,0,1995,DHOBLE LAXMAN KONDIBA,Maharashtra,MANGALVEDHE,INC,INC,61087,M,1,5,5,FALSE,TRUE,52.85,23195,20.07,,5,5
GEMH76072,9,0,1999,DHOBALE LAXMAN KONDIBA,Maharashtra,MANGALVEDHE,NCP,INC,43704,M,1,5,5,TRUE,TRUE,44.53,4829,4.92,,5,5
GEMH76072,11,0,2009,DHOBALE LAXMAN KONDIBA,Maharashtra,MOHOL,NCP,NCP,81631,M,1,5,5,FALSE,FALSE,52.7,29179,18.84,57,5,5
GEMH76170,11,0,2009,DHANANJAY MAHADIK,Maharashtra,KOLHAPUR SOUTH,IND,,81182,M,2,1,0,FALSE,FALSE,42.47,71174,37.23,37,,1
GEMH79244,9,0,1999,OMPRAKASH ALIAS BACCHU BABURAO KADU,Maharashtra,ACHALPUR,IND,,32775,M,2,3,2,FALSE,FALSE,28.21,1257,1.08,,2,3
GEMH79244,10,0,2004,BACCHU ALIES OMPRAKAS BABARAO KADU,Maharashtra,ACHALPUR,IND,IND,56471,M,1,3,2,FALSE,FALSE,38.24,5386,3.65,33,2,3
GEMH79244,11,0,2009,BACCHU ALIAS OMPRAKASH BABARAO KADU,Maharashtra,ACHALPUR,IND,IND,60627,M,1,3,2,FALSE,TRUE,39.97,5743,3.79,39,2,3
GEMH79377,8,0,1995,SOLANKE PRAKASH SUNDARRAO,Maharashtra,MANJLEGAON,IND,,27897,M,3,4,3,FALSE,FALSE,21.05,18370,13.86,,3,4
GEMH79377,9,0,1999,SOLANKE PRAKASH SUNDERRAO,Maharashtra,MANJLEGAON,BJP,IND,67303,M,1,4,3,FALSE,FALSE,48,27867,19.87,,3,4
GEMH79377,10,0,2004,SOLANKE PRAKASH SUNDAR RAO,Maharashtra,MANJLEGAON,BJP,BJP,71937,M,1,4,3,FALSE,TRUE,41.92,35030,20.41,50,3,4
GEMH79377,11,0,2009,PRAKASHDADA SUNDARRAO SOLANKE,Maharashtra,MAJALGAON,NCP,BJP,86943,M,1,4,3,TRUE,TRUE,46.22,7909,4.2,55,3,4
GEMH8011,11,0,2009,DESHMUKH SUBHASH SURESHCHANDRA,Maharashtra,TULJAPUR,BJP,,49469,M,2,1,0,FALSE,FALSE,25.19,3527,1.8,51,,1
